1154 62  -1747.0  131.0  1665.00  339.9   517.00  101.0  1012.00  315.5 1493.90   730.23  -.44  -.13
1155 64  -1614.0  124.0  2829.00  343.6   693.00   96.0  2908.00  329.9 1688.46  2942.09  -.45   .02
1156 65  -3256.0  124.0  2889.00  346.5 -1422.00   98.0  2993.00  331.2 -630.64  3037.88  -.36   .02
1157 66  -3401.0  133.0  1681.00  342.0 -1601.00   93.0  1023.00  336.8 -824.31   739.08  -.35  -.13
1158 71  -3341.0  128.0   292.00  330.8 -1519.00   91.0 -1187.00  338.3 -732.82 -1825.18  -.36  -.29
1159 72  -1776.0  135.0   276.00  324.6   487.00   98.0 -1198.00  329.9 1463.47 -1834.02  -.44  -.29
1160 73  -1834.0  132.0 -1335.00  327.0   394.00  100.0 -3282.00  330.4 1355.37 -4122.12  -.43  -.38
1161 74  -3320.0  131.0 -1337.00  343.2 -1506.00   98.0 -3279.00  329.9 -723.27 -4116.96  -.35  -.38
1162 75   -167.0  134.0 -1346.00  343.1  2552.00   93.0 -3293.00  325.3 3725.23 -4133.12  -.53  -.38
1163 76   -149.0  130.0   194.00  324.4  2579.00  101.0 -1301.00  319.5 3756.12 -1946.08  -.53  -.29
1164 77   -147.0  133.0  1480.00  326.0  2596.00   86.0   774.00  325.6 3779.59   469.36  -.53  -.14
1165 78   -347.0  127.0  2764.00  340.2  2648.00   95.0  2851.00  323.6 3940.33  2888.54  -.58   .02
