############# RIGHT VDCS  ###################
No of Crate, Slot, First, Last chans
[ R.vdc.u1 ]
1       6       0       95
1       8       0       95
1       9       0       95
1      10       0       79
0.0  0.77852 -0.0042426 -45.0                  z, wbeg, wspac, wangle (m)
5.000e4                                        Drift velocity (m/s)
TDC Offset Values
   1 1767.5    2 1767.5    3 1767.5    4 1767.5    5 1767.5    6 1767.5    7 1767.5    8 1767.5
   9 1767.5   10 1767.5   11 1767.5   12 1767.5   13 1767.5   14 1767.5   15 1767.5   16 1767.5
  17 1767.5   18 1767.5   19 1767.5   20 1767.5   21 1767.5   22 1767.5   23 1767.5   24 1767.5
  25 1767.5   26 1767.5   27 1767.5   28 1767.5   29 1767.5   30 1767.5   31 1767.5   32 1767.5
  33 1767.5   34 1767.5   35 1767.5   36 1767.5   37 1767.5   38 1767.5   39 1767.5   40 1767.5
  41 1767.5   42 1767.5   43 1767.5   44 1767.5   45 1767.5   46 1767.5   47 1767.5   48 1767.5
  49 1767.5   50 1767.5   51 1767.5   52 1767.5   53 1767.5   54 1767.5   55 1767.5   56 1767.5
  57 1767.5   58 1767.5   59 1767.5   60 1767.5   61 1767.5   62 1767.5   63 1767.5   64 1767.5
  65 1767.5   66 1767.5   67 1767.5   68 1767.5   69 1767.5   70 1767.5   71 1767.5   72 1767.5
  73 1767.5   74 1767.5   75 1767.5   76 1767.5   77 1767.5   78 1767.5   79 1767.5   80 1767.5
  81 1767.5   82 1767.5   83 1767.5   84 1767.5   85 1767.5   86 1767.5   87 1767.5   88 1767.5
  89 1767.5   90 1767.5   91 1767.5   92 1767.5   93 1767.5   94 1767.5   95 1767.5   96 1767.5
  97 1767.5   98 1767.5   99 1767.5  100 1767.5  101 1767.5  102 1767.5  103 1767.5  104 1767.5
 105 1767.5  106 1767.5  107 1767.5  108 1767.5  109 1767.5  110 1767.5  111 1767.5  112 1767.5
 113 1778.4  114 1778.4  115 1778.4  116 1778.4  117 1778.4  118 1778.4  119 1778.4  120 1778.4
 121 1778.4  122 1778.4  123 1778.4  124 1778.4  125 1778.4  126 1778.4  127 1778.4  128 1778.4
 129 1779.3  130 1779.3  131 1779.3  132 1779.3  133 1779.3  134 1779.3  135 1779.3  136 1779.3
 137 1779.3  138 1779.3  139 1779.3  140 1779.3  141 1779.3  142 1779.3  143 1779.3  144 1779.3
 145 1772.1  146 1772.1  147 1772.1  148 1772.1  149 1772.1  150 1772.1  151 1772.1  152 1772.1
 153 1772.1  154 1772.1  155 1772.1  156 1772.1  157 1772.1  158 1772.1  159 1772.1  160 1772.1
 161 1774.8  162 1774.8  163 1774.8  164 1774.8  165 1774.8  166 1774.8  167 1774.8  168 1774.8
 169 1774.8  170 1774.8  171 1774.8  172 1774.8  173 1774.8  174 1774.8  175 1774.8  176 1774.8
 177 1772.0  178 1772.0  179 1772.0  180 1772.0  181 1772.0  182 1772.0  183 1772.0  184 1772.0
 185 1772.0  186 1772.0  187 1772.0  188 1772.0  189 1772.0  190 1772.0  191 1772.0  192 1772.0
 193 1775.4  194 1775.4  195 1775.4  196 1775.4  197 1775.4  198 1775.4  199 1775.4  200 1775.4
 201 1775.4  202 1775.4  203 1775.4  204 1775.4  205 1775.4  206 1775.4  207 1775.4  208 1775.4
 209 1768.8  210 1768.8  211 1768.8  212 1768.8  213 1768.8  214 1768.8  215 1768.8  216 1768.8
 217 1768.8  218 1768.8  219 1768.8  220 1768.8  221 1768.8  222 1768.8  223 1768.8  224 1768.8
 225 1774.9  226 1774.9  227 1774.9  228 1774.9  229 1774.9  230 1774.9  231 1774.9  232 1774.9
 233 1774.9  234 1774.9  235 1774.9  236 1774.9  237 1774.9  238 1774.9  239 1774.9  240 1774.9
 241 1765.3  242 1765.3  243 1765.3  244 1765.3  245 1765.3  246 1765.3  247 1765.3  248 1765.3
 249 1765.3  250 1765.3  251 1765.3  252 1765.3  253 1765.3  254 1765.3  255 1765.3  256 1765.3
 257 1771.2  258 1771.2  259 1771.2  260 1771.2  261 1771.2  262 1771.2  263 1771.2  264 1771.2
 265 1771.2  266 1771.2  267 1771.2  268 1771.2  269 1771.2  270 1771.2  271 1771.2  272 1771.2
 273 1767.9  274 1767.9  275 1767.9  276 1767.9  277 1767.9  278 1767.9  279 1767.9  280 1767.9
 281 1767.9  282 1767.9  283 1767.9  284 1767.9  285 1767.9  286 1767.9  287 1767.9  288 1767.9
 289 1775.2  290 1775.2  291 1775.2  292 1775.2  293 1775.2  294 1775.2  295 1775.2  296 1775.2
 297 1775.2  298 1775.2  299 1775.2  300 1775.2  301 1775.2  302 1775.2  303 1775.2  304 1775.2
 305 1775.2  306 1775.2  307 1775.2  308 1775.2  309 1775.2  310 1775.2  311 1775.2  312 1775.2
 313 1775.2  314 1775.2  315 1775.2  316 1775.2  317 1775.2  318 1775.2  319 1775.2  320 1775.2
 321 1775.2  322 1775.2  323 1775.2  324 1775.2  325 1775.2  326 1775.2  327 1775.2  328 1775.2
 329 1775.2  330 1775.2  331 1775.2  332 1775.2  333 1775.2  334 1775.2  335 1775.2  336 1775.2
 337 1775.2  338 1775.2  339 1775.2  340 1775.2  341 1775.2  342 1775.2  343 1775.2  344 1775.2
 345 1775.2  346 1775.2  347 1775.2  348 1775.2  349 1775.2  350 1775.2  351 1775.2  352 1775.2
 353 1775.2  354 1775.2  355 1775.2  356 1775.2  357 1775.2  358 1775.2  359 1775.2  360 1775.2
 361 1775.2  362 1775.2  363 1775.2  364 1775.2  365 1775.2  366 1775.2  367 1775.2  368 1775.2
TTD Lookup Table
2.550e-08
647
0.00e+00 0.00e+00 0.00e+00 0.00e+00 0.00e+00 0.00e+00 0.00e+00 0.00e+00 0.00e+00 0.00e+00
0.00e+00 0.00e+00 0.00e+00 0.00e+00 0.00e+00 0.00e+00 0.00e+00 0.00e+00 0.00e+00 0.00e+00
0.00e+00 0.00e+00 0.00e+00 0.00e+00 0.00e+00 0.00e+00 0.00e+00 0.00e+00 0.00e+00 0.00e+00
0.00e+00 0.00e+00 0.00e+00 0.00e+00 0.00e+00 0.00e+00 0.00e+00 0.00e+00 0.00e+00 0.00e+00
0.00e+00 0.00e+00 0.00e+00 0.00e+00 0.00e+00 0.00e+00 0.00e+00 0.00e+00 0.00e+00 0.00e+00
2.79e-03 6.79e-03 1.19e-02 1.82e-02 2.59e-02 3.57e-02 4.72e-02 6.06e-02 7.67e-02 9.54e-02
1.16e-01 1.38e-01 1.63e-01 1.91e-01 2.21e-01 2.51e-01 2.85e-01 3.20e-01 3.62e-01 3.99e-01
4.39e-01 4.78e-01 5.18e-01 5.58e-01 6.02e-01 6.43e-01 6.86e-01 7.27e-01 7.71e-01 8.14e-01
8.57e-01 8.99e-01 9.45e-01 9.88e-01 1.03e+00 1.08e+00 1.12e+00 1.16e+00 1.21e+00 1.25e+00
1.30e+00 1.34e+00 1.39e+00 1.43e+00 1.48e+00 1.52e+00 1.57e+00 1.61e+00 1.66e+00 1.70e+00
1.75e+00 1.79e+00 1.83e+00 1.88e+00 1.92e+00 1.97e+00 2.01e+00 2.06e+00 2.10e+00 2.15e+00
2.19e+00 2.24e+00 2.28e+00 2.32e+00 2.37e+00 2.41e+00 2.45e+00 2.49e+00 2.54e+00 2.58e+00
2.62e+00 2.66e+00 2.70e+00 2.74e+00 2.78e+00 2.82e+00 2.86e+00 2.90e+00 2.93e+00 2.96e+00
3.00e+00 3.03e+00 3.06e+00 3.09e+00 3.13e+00 3.16e+00 3.18e+00 3.21e+00 3.25e+00 3.27e+00
3.30e+00 3.33e+00 3.36e+00 3.38e+00 3.41e+00 3.44e+00 3.47e+00 3.50e+00 3.53e+00 3.55e+00
3.58e+00 3.61e+00 3.64e+00 3.67e+00 3.70e+00 3.72e+00 3.75e+00 3.78e+00 3.81e+00 3.83e+00
3.86e+00 3.89e+00 3.92e+00 3.94e+00 3.97e+00 4.00e+00 4.02e+00 4.05e+00 4.08e+00 4.10e+00
4.13e+00 4.16e+00 4.18e+00 4.21e+00 4.24e+00 4.26e+00 4.29e+00 4.32e+00 4.34e+00 4.37e+00
4.39e+00 4.42e+00 4.44e+00 4.47e+00 4.50e+00 4.52e+00 4.55e+00 4.57e+00 4.60e+00 4.62e+00
4.65e+00 4.67e+00 4.70e+00 4.72e+00 4.75e+00 4.77e+00 4.80e+00 4.82e+00 4.85e+00 4.87e+00
4.90e+00 4.92e+00 4.95e+00 4.97e+00 5.00e+00 5.02e+00 5.05e+00 5.07e+00 5.10e+00 5.12e+00
5.14e+00 5.17e+00 5.19e+00 5.22e+00 5.24e+00 5.27e+00 5.29e+00 5.31e+00 5.34e+00 5.36e+00
5.39e+00 5.41e+00 5.44e+00 5.46e+00 5.48e+00 5.51e+00 5.53e+00 5.55e+00 5.58e+00 5.60e+00
5.63e+00 5.65e+00 5.67e+00 5.70e+00 5.72e+00 5.74e+00 5.77e+00 5.79e+00 5.81e+00 5.84e+00
5.86e+00 5.88e+00 5.91e+00 5.93e+00 5.96e+00 5.98e+00 6.00e+00 6.03e+00 6.05e+00 6.07e+00
6.10e+00 6.12e+00 6.15e+00 6.17e+00 6.19e+00 6.22e+00 6.24e+00 6.26e+00 6.29e+00 6.31e+00
6.34e+00 6.36e+00 6.39e+00 6.41e+00 6.43e+00 6.46e+00 6.48e+00 6.51e+00 6.53e+00 6.55e+00
6.58e+00 6.60e+00 6.63e+00 6.65e+00 6.68e+00 6.70e+00 6.72e+00 6.75e+00 6.77e+00 6.80e+00
6.82e+00 6.85e+00 6.87e+00 6.89e+00 6.92e+00 6.94e+00 6.97e+00 6.99e+00 7.02e+00 7.04e+00
7.06e+00 7.09e+00 7.11e+00 7.14e+00 7.16e+00 7.18e+00 7.21e+00 7.23e+00 7.26e+00 7.28e+00
7.30e+00 7.33e+00 7.35e+00 7.38e+00 7.40e+00 7.42e+00 7.45e+00 7.47e+00 7.50e+00 7.52e+00
7.55e+00 7.57e+00 7.59e+00 7.62e+00 7.64e+00 7.67e+00 7.69e+00 7.71e+00 7.74e+00 7.76e+00
7.78e+00 7.81e+00 7.83e+00 7.86e+00 7.88e+00 7.90e+00 7.93e+00 7.95e+00 7.98e+00 8.00e+00
8.02e+00 8.05e+00 8.07e+00 8.09e+00 8.12e+00 8.14e+00 8.17e+00 8.19e+00 8.21e+00 8.24e+00
8.26e+00 8.28e+00 8.31e+00 8.33e+00 8.35e+00 8.38e+00 8.40e+00 8.43e+00 8.45e+00 8.47e+00
8.50e+00 8.52e+00 8.55e+00 8.57e+00 8.59e+00 8.62e+00 8.64e+00 8.66e+00 8.69e+00 8.71e+00
8.73e+00 8.76e+00 8.78e+00 8.81e+00 8.83e+00 8.85e+00 8.88e+00 8.90e+00 8.92e+00 8.95e+00
8.97e+00 8.99e+00 9.02e+00 9.04e+00 9.06e+00 9.09e+00 9.11e+00 9.13e+00 9.16e+00 9.18e+00
9.21e+00 9.23e+00 9.25e+00 9.28e+00 9.30e+00 9.32e+00 9.35e+00 9.37e+00 9.39e+00 9.42e+00
9.44e+00 9.46e+00 9.49e+00 9.51e+00 9.54e+00 9.56e+00 9.58e+00 9.61e+00 9.63e+00 9.65e+00
9.68e+00 9.70e+00 9.72e+00 9.75e+00 9.77e+00 9.79e+00 9.82e+00 9.84e+00 9.86e+00 9.89e+00
9.91e+00 9.94e+00 9.96e+00 9.98e+00 1.00e+01 1.00e+01 1.01e+01 1.01e+01 1.01e+01 1.01e+01
1.01e+01 1.02e+01 1.02e+01 1.02e+01 1.02e+01 1.03e+01 1.03e+01 1.03e+01 1.03e+01 1.04e+01
1.04e+01 1.04e+01 1.04e+01 1.05e+01 1.05e+01 1.05e+01 1.05e+01 1.05e+01 1.06e+01 1.06e+01
1.06e+01 1.06e+01 1.07e+01 1.07e+01 1.07e+01 1.07e+01 1.08e+01 1.08e+01 1.08e+01 1.08e+01
1.08e+01 1.09e+01 1.09e+01 1.09e+01 1.09e+01 1.10e+01 1.10e+01 1.10e+01 1.10e+01 1.11e+01
1.11e+01 1.11e+01 1.11e+01 1.12e+01 1.12e+01 1.12e+01 1.12e+01 1.12e+01 1.13e+01 1.13e+01
1.13e+01 1.13e+01 1.14e+01 1.14e+01 1.14e+01 1.14e+01 1.15e+01 1.15e+01 1.15e+01 1.15e+01
1.15e+01 1.16e+01 1.16e+01 1.16e+01 1.16e+01 1.17e+01 1.17e+01 1.17e+01 1.17e+01 1.18e+01
1.18e+01 1.18e+01 1.18e+01 1.19e+01 1.19e+01 1.19e+01 1.19e+01 1.19e+01 1.20e+01 1.20e+01
1.20e+01 1.20e+01 1.21e+01 1.21e+01 1.21e+01 1.21e+01 1.22e+01 1.22e+01 1.22e+01 1.22e+01
1.22e+01 1.23e+01 1.23e+01 1.23e+01 1.23e+01 1.24e+01 1.24e+01 1.24e+01 1.24e+01 1.25e+01
1.25e+01 1.25e+01 1.25e+01 1.25e+01 1.26e+01 1.26e+01 1.26e+01 1.26e+01 1.27e+01 1.27e+01
1.27e+01 1.27e+01 1.28e+01 1.28e+01 1.28e+01 1.28e+01 1.28e+01 1.29e+01 1.29e+01 1.29e+01
1.29e+01 1.30e+01 1.30e+01 1.30e+01 1.30e+01 1.31e+01 1.31e+01 1.31e+01 1.31e+01 1.31e+01
1.32e+01 1.32e+01 1.32e+01 1.32e+01 1.33e+01 1.33e+01 1.33e+01 1.33e+01 1.34e+01 1.34e+01
1.34e+01 1.34e+01 1.34e+01 1.35e+01 1.35e+01 1.35e+01 1.35e+01 1.36e+01 1.36e+01 1.36e+01
1.36e+01 1.37e+01 1.37e+01 1.37e+01 1.37e+01 1.37e+01 1.38e+01 1.38e+01 1.38e+01 1.38e+01
1.39e+01 1.39e+01 1.39e+01 1.39e+01 1.40e+01 1.40e+01 1.40e+01 1.40e+01 1.40e+01 1.41e+01
1.41e+01 1.41e+01 1.41e+01 1.42e+01 1.42e+01 1.42e+01 1.42e+01 1.42e+01 1.43e+01 1.43e+01
1.43e+01 1.43e+01 1.44e+01 1.44e+01 1.44e+01 1.44e+01 1.44e+01 1.45e+01 1.45e+01 1.45e+01
1.45e+01 1.45e+01 1.45e+01 1.46e+01 1.46e+01 1.46e+01 1.46e+01 1.46e+01 1.47e+01 1.47e+01
1.47e+01 1.47e+01 1.47e+01 1.47e+01 1.48e+01 1.48e+01 1.48e+01 1.48e+01 1.48e+01 1.48e+01
1.48e+01 1.48e+01 1.49e+01 1.49e+01 1.49e+01 1.49e+01 1.49e+01 1.49e+01 1.49e+01 1.49e+01
1.49e+01 1.50e+01 1.50e+01 1.50e+01 1.50e+01 1.50e+01 1.50e+01 1.51e+01 1.51e+01 1.51e+01
1.51e+01 1.51e+01 1.51e+01 1.51e+01 1.51e+01 1.51e+01 1.51e+01 1.51e+01 1.51e+01 1.51e+01
1.51e+01 1.51e+01 1.51e+01 1.51e+01 1.51e+01 1.51e+01 1.51e+01 1.51e+01 1.51e+01 1.51e+01
1.51e+01 1.51e+01 1.51e+01 1.51e+01 1.51e+01 1.51e+01 1.51e+01 1.51e+01 1.51e+01 1.51e+01
1.51e+01 1.51e+01 1.51e+01 1.51e+01 1.51e+01 1.51e+01 1.51e+01 1.51e+01 1.51e+01 1.51e+01
1.51e+01 1.51e+01 1.51e+01 1.51e+01 1.51e+01 1.51e+01 1.51e+01 1.51e+01 1.51e+01 1.51e+01
1.51e+01 1.51e+01 1.51e+01 1.51e+01 1.51e+01 1.51e+01 1.51e+01 1.51e+01 1.51e+01 1.51e+01
1.51e+01 1.51e+01 1.51e+01 1.51e+01 1.51e+01 1.51e+01 1.51e+01 1.51e+01 1.51e+01 1.51e+01
1.51e+01 1.51e+01 1.51e+01 1.51e+01 1.51e+01 1.51e+01 1.51e+01 1.51e+01 1.51e+01 1.51e+01
1.51e+01 1.51e+01 1.51e+01 1.51e+01 1.51e+01 1.51e+01 1.51e+01 1.51e+01 1.51e+01 1.51e+01
1.51e+01 1.51e+01 1.51e+01 1.51e+01 1.51e+01 1.51e+01 1.51e+01 1.51e+01 1.51e+01 1.51e+01
1.51e+01 1.51e+01 1.51e+01 1.51e+01 1.51e+01 1.51e+01 1.51e+01 1.51e+01 1.51e+01 1.51e+01
1.51e+01 1.51e+01 1.51e+01 1.51e+01 1.51e+01 1.51e+01 1.51e+01 1.51e+01 1.51e+01 1.51e+01
1.51e+01 1.51e+01 1.51e+01 1.51e+01 1.51e+01 1.51e+01 1.51e+01 1.51e+01 1.51e+01 1.51e+01
1.51e+01 1.51e+01 1.51e+01 1.51e+01 1.51e+01 1.51e+01 1.51e+01 1.51e+01 1.51e+01 1.51e+01
1.51e+01 1.51e+01 1.51e+01 1.51e+01 1.51e+01 1.51e+01 1.51e+01 1.51e+01 
[ R.vdc.v1 ]
2       7       0         95
2       8       0         95
2       9       0         95
2      10       0         79
0.026  0.77852 -0.0042426 45.0                 z, wbeg, wspac, wangle (m)
4.971e4                                        Drift velocity (m/s)
TDC Offset Values
   1 1768.5    2 1768.5    3 1768.5    4 1768.5    5 1768.5    6 1768.5    7 1768.5    8 1768.5
   9 1768.5   10 1768.5   11 1768.5   12 1768.5   13 1768.5   14 1768.5   15 1768.5   16 1768.5
  17 1768.5   18 1768.5   19 1768.5   20 1768.5   21 1768.5   22 1768.5   23 1768.5   24 1768.5
  25 1768.5   26 1768.5   27 1768.5   28 1768.5   29 1768.5   30 1768.5   31 1768.5   32 1768.5
  33 1768.5   34 1768.5   35 1768.5   36 1768.5   37 1768.5   38 1768.5   39 1768.5   40 1768.5
  41 1768.5   42 1768.5   43 1768.5   44 1768.5   45 1768.5   46 1768.5   47 1768.5   48 1768.5
  49 1768.5   50 1768.5   51 1768.5   52 1768.5   53 1768.5   54 1768.5   55 1768.5   56 1768.5
  57 1768.5   58 1768.5   59 1768.5   60 1768.5   61 1768.5   62 1768.5   63 1768.5   64 1768.5
  65 1768.5   66 1768.5   67 1768.5   68 1768.5   69 1768.5   70 1768.5   71 1768.5   72 1768.5
  73 1768.5   74 1768.5   75 1768.5   76 1768.5   77 1768.5   78 1768.5   79 1768.5   80 1768.5
  81 1768.5   82 1768.5   83 1768.5   84 1768.5   85 1768.5   86 1768.5   87 1768.5   88 1768.5
  89 1768.5   90 1768.5   91 1768.5   92 1768.5   93 1768.5   94 1768.5   95 1768.5   96 1768.5
  97 1780.0   98 1780.0   99 1780.0  100 1780.0  101 1780.0  102 1780.0  103 1780.0  104 1780.0
 105 1780.0  106 1780.0  107 1780.0  108 1780.0  109 1780.0  110 1780.0  111 1780.0  112 1780.0
 113 1780.0  114 1780.0  115 1780.0  116 1780.0  117 1780.0  118 1780.0  119 1780.0  120 1780.0
 121 1780.0  122 1780.0  123 1780.0  124 1780.0  125 1780.0  126 1780.0  127 1780.0  128 1780.0
 129 1773.3  130 1773.3  131 1773.3  132 1773.3  133 1773.3  134 1773.3  135 1773.3  136 1773.3
 137 1773.3  138 1773.3  139 1773.3  140 1773.3  141 1773.3  142 1773.3  143 1773.3  144 1773.3
 145 1772.3  146 1772.3  147 1772.3  148 1772.3  149 1772.3  150 1772.3  151 1772.3  152 1772.3
 153 1772.3  154 1772.3  155 1772.3  156 1772.3  157 1772.3  158 1772.3  159 1772.3  160 1772.3
 161 1772.9  162 1772.9  163 1772.9  164 1772.9  165 1772.9  166 1772.9  167 1772.9  168 1772.9
 169 1772.9  170 1772.9  171 1772.9  172 1772.9  173 1772.9  174 1772.9  175 1772.9  176 1772.9
 177 1773.0  178 1773.0  179 1773.0  180 1773.0  181 1773.0  182 1773.0  183 1773.0  184 1773.0
 185 1773.0  186 1773.0  187 1773.0  188 1773.0  189 1773.0  190 1773.0  191 1773.0  192 1773.0
 193 1779.8  194 1779.8  195 1779.8  196 1779.8  197 1779.8  198 1779.8  199 1779.8  200 1779.8
 201 1779.8  202 1779.8  203 1779.8  204 1779.8  205 1779.8  206 1779.8  207 1779.8  208 1779.8
 209 1776.7  210 1776.7  211 1776.7  212 1776.7  213 1776.7  214 1776.7  215 1776.7  216 1776.7
 217 1776.7  218 1776.7  219 1776.7  220 1776.7  221 1776.7  222 1776.7  223 1776.7  224 1776.7
 225 1775.8  226 1775.8  227 1775.8  228 1775.8  229 1775.8  230 1775.8  231 1775.8  232 1775.8
 233 1775.8  234 1775.8  235 1775.8  236 1775.8  237 1775.8  238 1775.8  239 1775.8  240 1775.8
 241 1775.8  242 1775.8  243 1775.8  244 1775.8  245 1775.8  246 1775.8  247 1775.8  248 1775.8
 249 1775.8  250 1775.8  251 1775.8  252 1775.8  253 1775.8  254 1775.8  255 1775.8  256 1775.8
 257 1772.5  258 1772.5  259 1772.5  260 1772.5  261 1772.5  262 1772.5  263 1772.5  264 1772.5
 265 1772.5  266 1772.5  267 1772.5  268 1772.5  269 1772.5  270 1772.5  271 1772.5  272 1772.5
 273 1769.0  274 1769.0  275 1769.0  276 1769.0  277 1769.0  278 1769.0  279 1769.0  280 1769.0
 281 1769.0  282 1769.0  283 1769.0  284 1769.0  285 1769.0  286 1769.0  287 1769.0  288 1769.0
 289 1770.1  290 1770.1  291 1770.1  292 1770.1  293 1770.1  294 1770.1  295 1770.1  296 1770.1
 297 1770.1  298 1770.1  299 1770.1  300 1770.1  301 1770.1  302 1770.1  303 1770.1  304 1770.1
 305 1770.1  306 1770.1  307 1770.1  308 1770.1  309 1770.1  310 1770.1  311 1770.1  312 1770.1
 313 1770.1  314 1770.1  315 1770.1  316 1770.1  317 1770.1  318 1770.1  319 1770.1  320 1770.1
 321 1770.1  322 1770.1  323 1770.1  324 1770.1  325 1770.1  326 1770.1  327 1770.1  328 1770.1
 329 1770.1  330 1770.1  331 1770.1  332 1770.1  333 1770.1  334 1770.1  335 1770.1  336 1770.1
 337 1770.1  338 1770.1  339 1770.1  340 1770.1  341 1770.1  342 1770.1  343 1770.1  344 1770.1
 345 1770.1  346 1770.1  347 1770.1  348 1770.1  349 1770.1  350 1770.1  351 1770.1  352 1770.1
 353 1770.1  354 1770.1  355 1770.1  356 1770.1  357 1770.1  358 1770.1  359 1770.1  360 1770.1
 361 1770.1  362 1770.1  363 1770.1  364 1770.1  365 1770.1  366 1770.1  367 1770.1  368 1770.1
TTD Lookup Table
2.550e-08
647
0.00e+00 0.00e+00 0.00e+00 0.00e+00 0.00e+00 0.00e+00 0.00e+00 0.00e+00 0.00e+00 0.00e+00
0.00e+00 0.00e+00 0.00e+00 0.00e+00 0.00e+00 0.00e+00 0.00e+00 0.00e+00 0.00e+00 0.00e+00
0.00e+00 0.00e+00 0.00e+00 0.00e+00 0.00e+00 0.00e+00 0.00e+00 0.00e+00 0.00e+00 0.00e+00
0.00e+00 0.00e+00 0.00e+00 0.00e+00 0.00e+00 0.00e+00 0.00e+00 0.00e+00 0.00e+00 0.00e+00
0.00e+00 0.00e+00 0.00e+00 0.00e+00 0.00e+00 0.00e+00 0.00e+00 0.00e+00 0.00e+00 0.00e+00
1.57e-03 3.72e-03 6.60e-03 1.05e-02 1.55e-02 2.17e-02 2.93e-02 3.87e-02 4.96e-02 6.23e-02
7.71e-02 9.45e-02 1.14e-01 1.36e-01 1.59e-01 1.85e-01 2.13e-01 2.42e-01 2.74e-01 3.08e-01
3.42e-01 3.78e-01 4.13e-01 4.51e-01 4.89e-01 5.27e-01 5.65e-01 6.06e-01 6.47e-01 6.87e-01
7.28e-01 7.70e-01 8.12e-01 8.54e-01 8.96e-01 9.41e-01 9.84e-01 1.03e+00 1.07e+00 1.11e+00
1.16e+00 1.20e+00 1.25e+00 1.29e+00 1.34e+00 1.38e+00 1.43e+00 1.47e+00 1.52e+00 1.57e+00
1.61e+00 1.66e+00 1.70e+00 1.75e+00 1.79e+00 1.84e+00 1.89e+00 1.93e+00 1.98e+00 2.03e+00
2.07e+00 2.12e+00 2.16e+00 2.21e+00 2.25e+00 2.30e+00 2.34e+00 2.39e+00 2.43e+00 2.48e+00
2.52e+00 2.56e+00 2.60e+00 2.65e+00 2.69e+00 2.73e+00 2.77e+00 2.81e+00 2.84e+00 2.88e+00
2.92e+00 2.95e+00 2.99e+00 3.02e+00 3.06e+00 3.09e+00 3.12e+00 3.15e+00 3.18e+00 3.21e+00
3.24e+00 3.27e+00 3.30e+00 3.33e+00 3.36e+00 3.39e+00 3.41e+00 3.44e+00 3.47e+00 3.50e+00
3.53e+00 3.55e+00 3.58e+00 3.61e+00 3.64e+00 3.67e+00 3.69e+00 3.72e+00 3.75e+00 3.77e+00
3.80e+00 3.83e+00 3.86e+00 3.88e+00 3.91e+00 3.94e+00 3.96e+00 3.99e+00 4.01e+00 4.04e+00
4.07e+00 4.09e+00 4.12e+00 4.14e+00 4.17e+00 4.20e+00 4.22e+00 4.25e+00 4.27e+00 4.30e+00
4.32e+00 4.35e+00 4.37e+00 4.40e+00 4.42e+00 4.45e+00 4.47e+00 4.50e+00 4.52e+00 4.55e+00
4.57e+00 4.60e+00 4.62e+00 4.64e+00 4.67e+00 4.69e+00 4.72e+00 4.74e+00 4.77e+00 4.79e+00
4.81e+00 4.84e+00 4.86e+00 4.89e+00 4.91e+00 4.94e+00 4.96e+00 4.99e+00 5.01e+00 5.03e+00
5.06e+00 5.08e+00 5.11e+00 5.13e+00 5.15e+00 5.18e+00 5.20e+00 5.23e+00 5.25e+00 5.27e+00
5.30e+00 5.32e+00 5.35e+00 5.37e+00 5.39e+00 5.42e+00 5.44e+00 5.47e+00 5.49e+00 5.51e+00
5.54e+00 5.56e+00 5.58e+00 5.61e+00 5.63e+00 5.65e+00 5.68e+00 5.70e+00 5.72e+00 5.75e+00
5.77e+00 5.79e+00 5.82e+00 5.84e+00 5.86e+00 5.89e+00 5.91e+00 5.93e+00 5.96e+00 5.98e+00
6.00e+00 6.03e+00 6.05e+00 6.08e+00 6.10e+00 6.12e+00 6.15e+00 6.17e+00 6.19e+00 6.22e+00
6.24e+00 6.27e+00 6.29e+00 6.31e+00 6.34e+00 6.36e+00 6.39e+00 6.41e+00 6.43e+00 6.46e+00
6.48e+00 6.50e+00 6.53e+00 6.55e+00 6.58e+00 6.60e+00 6.62e+00 6.65e+00 6.68e+00 6.70e+00
6.72e+00 6.75e+00 6.77e+00 6.79e+00 6.82e+00 6.84e+00 6.87e+00 6.89e+00 6.91e+00 6.94e+00
6.96e+00 6.99e+00 7.01e+00 7.03e+00 7.06e+00 7.08e+00 7.11e+00 7.13e+00 7.15e+00 7.18e+00
7.20e+00 7.23e+00 7.25e+00 7.27e+00 7.30e+00 7.32e+00 7.35e+00 7.37e+00 7.39e+00 7.42e+00
7.44e+00 7.47e+00 7.49e+00 7.51e+00 7.54e+00 7.56e+00 7.58e+00 7.61e+00 7.63e+00 7.66e+00
7.68e+00 7.70e+00 7.73e+00 7.75e+00 7.78e+00 7.80e+00 7.82e+00 7.85e+00 7.87e+00 7.89e+00
7.92e+00 7.94e+00 7.96e+00 7.99e+00 8.01e+00 8.04e+00 8.06e+00 8.08e+00 8.11e+00 8.13e+00
8.15e+00 8.18e+00 8.20e+00 8.23e+00 8.25e+00 8.27e+00 8.30e+00 8.32e+00 8.34e+00 8.37e+00
8.39e+00 8.41e+00 8.44e+00 8.46e+00 8.49e+00 8.51e+00 8.53e+00 8.56e+00 8.58e+00 8.60e+00
8.63e+00 8.65e+00 8.67e+00 8.70e+00 8.72e+00 8.75e+00 8.77e+00 8.79e+00 8.81e+00 8.84e+00
8.86e+00 8.89e+00 8.91e+00 8.93e+00 8.96e+00 8.98e+00 9.00e+00 9.03e+00 9.05e+00 9.07e+00
9.10e+00 9.12e+00 9.14e+00 9.17e+00 9.19e+00 9.21e+00 9.24e+00 9.26e+00 9.28e+00 9.31e+00
9.33e+00 9.36e+00 9.38e+00 9.40e+00 9.43e+00 9.45e+00 9.47e+00 9.50e+00 9.52e+00 9.54e+00
9.57e+00 9.59e+00 9.61e+00 9.64e+00 9.66e+00 9.68e+00 9.71e+00 9.73e+00 9.75e+00 9.78e+00
9.80e+00 9.82e+00 9.85e+00 9.87e+00 9.89e+00 9.92e+00 9.94e+00 9.96e+00 9.99e+00 1.00e+01
1.00e+01 1.01e+01 1.01e+01 1.01e+01 1.01e+01 1.02e+01 1.02e+01 1.02e+01 1.02e+01 1.02e+01
1.03e+01 1.03e+01 1.03e+01 1.03e+01 1.04e+01 1.04e+01 1.04e+01 1.04e+01 1.05e+01 1.05e+01
1.05e+01 1.05e+01 1.05e+01 1.06e+01 1.06e+01 1.06e+01 1.06e+01 1.07e+01 1.07e+01 1.07e+01
1.07e+01 1.08e+01 1.08e+01 1.08e+01 1.08e+01 1.09e+01 1.09e+01 1.09e+01 1.09e+01 1.09e+01
1.10e+01 1.10e+01 1.10e+01 1.10e+01 1.11e+01 1.11e+01 1.11e+01 1.11e+01 1.12e+01 1.12e+01
1.12e+01 1.12e+01 1.12e+01 1.13e+01 1.13e+01 1.13e+01 1.13e+01 1.14e+01 1.14e+01 1.14e+01
1.14e+01 1.15e+01 1.15e+01 1.15e+01 1.15e+01 1.15e+01 1.16e+01 1.16e+01 1.16e+01 1.16e+01
1.17e+01 1.17e+01 1.17e+01 1.17e+01 1.18e+01 1.18e+01 1.18e+01 1.18e+01 1.19e+01 1.19e+01
1.19e+01 1.19e+01 1.19e+01 1.20e+01 1.20e+01 1.20e+01 1.20e+01 1.21e+01 1.21e+01 1.21e+01
1.21e+01 1.22e+01 1.22e+01 1.22e+01 1.22e+01 1.22e+01 1.23e+01 1.23e+01 1.23e+01 1.23e+01
1.24e+01 1.24e+01 1.24e+01 1.24e+01 1.25e+01 1.25e+01 1.25e+01 1.25e+01 1.25e+01 1.26e+01
1.26e+01 1.26e+01 1.26e+01 1.27e+01 1.27e+01 1.27e+01 1.27e+01 1.28e+01 1.28e+01 1.28e+01
1.28e+01 1.28e+01 1.29e+01 1.29e+01 1.29e+01 1.29e+01 1.30e+01 1.30e+01 1.30e+01 1.30e+01
1.31e+01 1.31e+01 1.31e+01 1.31e+01 1.31e+01 1.32e+01 1.32e+01 1.32e+01 1.32e+01 1.33e+01
1.33e+01 1.33e+01 1.33e+01 1.34e+01 1.34e+01 1.34e+01 1.34e+01 1.34e+01 1.35e+01 1.35e+01
1.35e+01 1.35e+01 1.36e+01 1.36e+01 1.36e+01 1.36e+01 1.37e+01 1.37e+01 1.37e+01 1.37e+01
1.37e+01 1.38e+01 1.38e+01 1.38e+01 1.38e+01 1.39e+01 1.39e+01 1.39e+01 1.39e+01 1.40e+01
1.40e+01 1.40e+01 1.40e+01 1.40e+01 1.41e+01 1.41e+01 1.41e+01 1.41e+01 1.42e+01 1.42e+01
1.42e+01 1.42e+01 1.42e+01 1.43e+01 1.43e+01 1.43e+01 1.43e+01 1.43e+01 1.44e+01 1.44e+01
1.44e+01 1.44e+01 1.45e+01 1.45e+01 1.45e+01 1.45e+01 1.45e+01 1.45e+01 1.46e+01 1.46e+01
1.46e+01 1.46e+01 1.46e+01 1.47e+01 1.47e+01 1.47e+01 1.47e+01 1.47e+01 1.47e+01 1.48e+01
1.48e+01 1.48e+01 1.48e+01 1.48e+01 1.48e+01 1.48e+01 1.49e+01 1.49e+01 1.49e+01 1.49e+01
1.49e+01 1.49e+01 1.49e+01 1.49e+01 1.49e+01 1.50e+01 1.50e+01 1.51e+01 1.51e+01 1.51e+01
1.51e+01 1.51e+01 1.51e+01 1.51e+01 1.51e+01 1.51e+01 1.51e+01 1.51e+01 1.51e+01 1.51e+01
1.51e+01 1.51e+01 1.51e+01 1.51e+01 1.51e+01 1.51e+01 1.51e+01 1.51e+01 1.51e+01 1.51e+01
1.51e+01 1.51e+01 1.51e+01 1.51e+01 1.51e+01 1.51e+01 1.51e+01 1.51e+01 1.51e+01 1.51e+01
1.51e+01 1.51e+01 1.51e+01 1.51e+01 1.51e+01 1.51e+01 1.51e+01 1.51e+01 1.51e+01 1.51e+01
1.51e+01 1.51e+01 1.51e+01 1.51e+01 1.51e+01 1.51e+01 1.51e+01 1.51e+01 1.51e+01 1.51e+01
1.51e+01 1.51e+01 1.51e+01 1.51e+01 1.51e+01 1.51e+01 1.51e+01 1.51e+01 1.51e+01 1.51e+01
1.51e+01 1.51e+01 1.51e+01 1.51e+01 1.51e+01 1.51e+01 1.51e+01 1.51e+01 1.51e+01 1.51e+01
1.51e+01 1.51e+01 1.51e+01 1.51e+01 1.51e+01 1.51e+01 1.51e+01 1.51e+01 1.51e+01 1.51e+01
1.51e+01 1.51e+01 1.51e+01 1.51e+01 1.51e+01 1.51e+01 1.51e+01 1.51e+01 1.51e+01 1.51e+01
1.51e+01 1.51e+01 1.51e+01 1.51e+01 1.51e+01 1.51e+01 1.51e+01 1.51e+01 1.51e+01 1.51e+01
1.51e+01 1.51e+01 1.51e+01 1.51e+01 1.51e+01 1.51e+01 1.51e+01 1.51e+01 1.51e+01 1.51e+01
1.51e+01 1.51e+01 1.51e+01 1.51e+01 1.51e+01 1.51e+01 1.51e+01 1.51e+01 1.51e+01 1.51e+01
1.51e+01 1.51e+01 1.51e+01 1.51e+01 1.51e+01 1.51e+01 1.51e+01 1.51e+01 1.51e+01 1.51e+01
1.51e+01 1.51e+01 1.51e+01 1.51e+01 1.51e+01 1.51e+01 1.51e+01 1.51e+01 1.51e+01 1.51e+01
1.51e+01 1.51e+01 1.51e+01 1.51e+01 1.51e+01 1.51e+01 1.51e+01 1.51e+01 7.99e-44
[ R.vdc.u2 ]
1      11       0          95
1      12       0          95
1      13       0          95
1      14       0          79
0.3327 1.02793  -0.0042426 -45.0               z, wbeg, wspac,, wangle (m)
4.953e4                                        Drift velocity (m/s)
TDC Offset Values
   1 1777.6    2 1777.6    3 1777.6    4 1777.6    5 1777.6    6 1777.6    7 1777.6    8 1777.6
   9 1777.6   10 1777.6   11 1777.6   12 1777.6   13 1777.6   14 1777.6   15 1777.6   16 1777.6
  17 1777.6   18 1777.6   19 1777.6   20 1777.6   21 1777.6   22 1777.6   23 1777.6   24 1777.6
  25 1777.6   26 1777.6   27 1777.6   28 1777.6   29 1777.6   30 1777.6   31 1777.6   32 1777.6
  33 1777.6   34 1777.6   35 1777.6   36 1777.6   37 1777.6   38 1777.6   39 1777.6   40 1777.6
  41 1777.6   42 1777.6   43 1777.6   44 1777.6   45 1777.6   46 1777.6   47 1777.6   48 1777.6
  49 1777.6   50 1777.6   51 1777.6   52 1777.6   53 1777.6   54 1777.6   55 1777.6   56 1777.6
  57 1777.6   58 1777.6   59 1777.6   60 1777.6   61 1777.6   62 1777.6   63 1777.6   64 1777.6
  65 1777.6   66 1777.6   67 1777.6   68 1777.6   69 1777.6   70 1777.6   71 1777.6   72 1777.6
  73 1777.6   74 1777.6   75 1777.6   76 1777.6   77 1777.6   78 1777.6   79 1777.6   80 1777.6
  81 1777.6   82 1777.6   83 1777.6   84 1777.6   85 1777.6   86 1777.6   87 1777.6   88 1777.6
  89 1777.6   90 1777.6   91 1777.6   92 1777.6   93 1777.6   94 1777.6   95 1777.6   96 1777.6
  97 1777.6   98 1777.6   99 1777.6  100 1777.6  101 1777.6  102 1777.6  103 1777.6  104 1777.6
 105 1777.6  106 1777.6  107 1777.6  108 1777.6  109 1777.6  110 1777.6  111 1777.6  112 1777.6
 113 1777.6  114 1777.6  115 1777.6  116 1777.6  117 1777.6  118 1777.6  119 1777.6  120 1777.6
 121 1777.6  122 1777.6  123 1777.6  124 1777.6  125 1777.6  126 1777.6  127 1777.6  128 1777.6
 129 1777.6  130 1777.6  131 1777.6  132 1777.6  133 1777.6  134 1777.6  135 1777.6  136 1777.6
 137 1777.6  138 1777.6  139 1777.6  140 1777.6  141 1777.6  142 1777.6  143 1777.6  144 1777.6
 145 1777.6  146 1777.6  147 1777.6  148 1777.6  149 1777.6  150 1777.6  151 1777.6  152 1777.6
 153 1777.6  154 1777.6  155 1777.6  156 1777.6  157 1777.6  158 1777.6  159 1777.6  160 1777.6
 161 1777.6  162 1777.6  163 1777.6  164 1777.6  165 1777.6  166 1777.6  167 1777.6  168 1777.6
 169 1777.6  170 1777.6  171 1777.6  172 1777.6  173 1777.6  174 1777.6  175 1777.6  176 1777.6
 177 1777.1  178 1777.1  179 1777.1  180 1777.1  181 1777.1  182 1777.1  183 1777.1  184 1777.1
 185 1777.1  186 1777.1  187 1777.1  188 1777.1  189 1777.1  190 1777.1  191 1777.1  192 1777.1
 193 1781.3  194 1781.3  195 1781.3  196 1781.3  197 1781.3  198 1781.3  199 1781.3  200 1781.3
 201 1781.3  202 1781.3  203 1781.3  204 1781.3  205 1781.3  206 1781.3  207 1781.3  208 1781.3
 209 1777.5  210 1777.5  211 1777.5  212 1777.5  213 1777.5  214 1777.5  215 1777.5  216 1777.5
 217 1777.5  218 1777.5  219 1777.5  220 1777.5  221 1777.5  222 1777.5  223 1777.5  224 1777.5
 225 1773.6  226 1773.6  227 1773.6  228 1773.6  229 1773.6  230 1773.6  231 1773.6  232 1773.6
 233 1773.6  234 1773.6  235 1773.6  236 1773.6  237 1773.6  238 1773.6  239 1773.6  240 1773.6
 241 1780.7  242 1780.7  243 1780.7  244 1780.7  245 1780.7  246 1780.7  247 1780.7  248 1780.7
 249 1780.7  250 1780.7  251 1780.7  252 1780.7  253 1780.7  254 1780.7  255 1780.7  256 1780.7
 257 1777.3  258 1777.3  259 1777.3  260 1777.3  261 1777.3  262 1777.3  263 1777.3  264 1777.3
 265 1777.3  266 1777.3  267 1777.3  268 1777.3  269 1777.3  270 1777.3  271 1777.3  272 1777.3
 273 1774.0  274 1774.0  275 1774.0  276 1774.0  277 1774.0  278 1774.0  279 1774.0  280 1774.0
 281 1774.0  282 1774.0  283 1774.0  284 1774.0  285 1774.0  286 1774.0  287 1774.0  288 1774.0
 289 1777.6  290 1777.6  291 1777.6  292 1777.6  293 1777.6  294 1777.6  295 1777.6  296 1777.6
 297 1777.6  298 1777.6  299 1777.6  300 1777.6  301 1777.6  302 1777.6  303 1777.6  304 1777.6
 305 1777.6  306 1777.6  307 1777.6  308 1777.6  309 1777.6  310 1777.6  311 1777.6  312 1777.6
 313 1777.6  314 1777.6  315 1777.6  316 1777.6  317 1777.6  318 1777.6  319 1777.6  320 1777.6
 321 1777.6  322 1777.6  323 1777.6  324 1777.6  325 1777.6  326 1777.6  327 1777.6  328 1777.6
 329 1777.6  330 1777.6  331 1777.6  332 1777.6  333 1777.6  334 1777.6  335 1777.6  336 1777.6
 337 1777.6  338 1777.6  339 1777.6  340 1777.6  341 1777.6  342 1777.6  343 1777.6  344 1777.6
 345 1777.6  346 1777.6  347 1777.6  348 1777.6  349 1777.6  350 1777.6  351 1777.6  352 1777.6
 353 1777.6  354 1777.6  355 1777.6  356 1777.6  357 1777.6  358 1777.6  359 1777.6  360 1777.6
 361 1777.6  362 1777.6  363 1777.6  364 1777.6  365 1777.6  366 1777.6  367 1777.6  368 1777.6
TTD Lookup Table
2.800e-08
642
0.00e+00 0.00e+00 0.00e+00 0.00e+00 0.00e+00 0.00e+00 0.00e+00 0.00e+00 0.00e+00 0.00e+00
0.00e+00 0.00e+00 0.00e+00 0.00e+00 0.00e+00 0.00e+00 0.00e+00 0.00e+00 0.00e+00 0.00e+00
0.00e+00 0.00e+00 0.00e+00 0.00e+00 0.00e+00 0.00e+00 0.00e+00 0.00e+00 0.00e+00 0.00e+00
0.00e+00 0.00e+00 0.00e+00 0.00e+00 0.00e+00 0.00e+00 0.00e+00 0.00e+00 0.00e+00 0.00e+00
0.00e+00 0.00e+00 0.00e+00 0.00e+00 0.00e+00 0.00e+00 0.00e+00 0.00e+00 0.00e+00 0.00e+00
0.00e+00 0.00e+00 0.00e+00 0.00e+00 0.00e+00 2.10e-03 4.91e-03 8.89e-03 1.45e-02 2.13e-02
3.02e-02 4.15e-02 5.54e-02 7.13e-02 8.95e-02 1.11e-01 1.35e-01 1.60e-01 1.92e-01 2.23e-01
2.55e-01 2.88e-01 3.23e-01 3.60e-01 3.98e-01 4.36e-01 4.74e-01 5.15e-01 5.55e-01 5.96e-01
6.37e-01 6.81e-01 7.23e-01 7.66e-01 8.09e-01 8.54e-01 8.98e-01 9.43e-01 9.87e-01 1.03e+00
1.08e+00 1.12e+00 1.17e+00 1.22e+00 1.26e+00 1.31e+00 1.35e+00 1.40e+00 1.45e+00 1.50e+00
1.54e+00 1.59e+00 1.64e+00 1.68e+00 1.73e+00 1.78e+00 1.83e+00 1.87e+00 1.92e+00 1.97e+00
2.01e+00 2.06e+00 2.11e+00 2.16e+00 2.20e+00 2.25e+00 2.29e+00 2.34e+00 2.39e+00 2.43e+00
2.47e+00 2.52e+00 2.56e+00 2.61e+00 2.65e+00 2.69e+00 2.73e+00 2.77e+00 2.81e+00 2.85e+00
2.89e+00 2.93e+00 2.96e+00 3.00e+00 3.03e+00 3.07e+00 3.10e+00 3.13e+00 3.16e+00 3.19e+00
3.22e+00 3.25e+00 3.28e+00 3.31e+00 3.33e+00 3.36e+00 3.39e+00 3.42e+00 3.45e+00 3.48e+00
3.51e+00 3.54e+00 3.57e+00 3.60e+00 3.62e+00 3.65e+00 3.68e+00 3.71e+00 3.74e+00 3.77e+00
3.79e+00 3.82e+00 3.85e+00 3.88e+00 3.91e+00 3.94e+00 3.96e+00 3.99e+00 4.02e+00 4.05e+00
4.07e+00 4.10e+00 4.12e+00 4.15e+00 4.18e+00 4.21e+00 4.23e+00 4.26e+00 4.29e+00 4.31e+00
4.34e+00 4.36e+00 4.39e+00 4.42e+00 4.44e+00 4.47e+00 4.49e+00 4.52e+00 4.55e+00 4.57e+00
4.60e+00 4.62e+00 4.65e+00 4.67e+00 4.70e+00 4.72e+00 4.75e+00 4.78e+00 4.80e+00 4.83e+00
4.85e+00 4.88e+00 4.90e+00 4.93e+00 4.95e+00 4.98e+00 5.00e+00 5.03e+00 5.05e+00 5.08e+00
5.10e+00 5.13e+00 5.15e+00 5.18e+00 5.20e+00 5.23e+00 5.25e+00 5.28e+00 5.30e+00 5.33e+00
5.35e+00 5.38e+00 5.40e+00 5.43e+00 5.45e+00 5.48e+00 5.50e+00 5.52e+00 5.55e+00 5.57e+00
5.60e+00 5.62e+00 5.65e+00 5.67e+00 5.69e+00 5.72e+00 5.74e+00 5.77e+00 5.79e+00 5.82e+00
5.84e+00 5.86e+00 5.89e+00 5.91e+00 5.94e+00 5.96e+00 5.99e+00 6.01e+00 6.03e+00 6.06e+00
6.08e+00 6.11e+00 6.13e+00 6.16e+00 6.18e+00 6.21e+00 6.23e+00 6.26e+00 6.28e+00 6.30e+00
6.33e+00 6.35e+00 6.38e+00 6.40e+00 6.43e+00 6.45e+00 6.48e+00 6.50e+00 6.53e+00 6.55e+00
6.58e+00 6.60e+00 6.62e+00 6.65e+00 6.68e+00 6.70e+00 6.72e+00 6.75e+00 6.78e+00 6.80e+00
6.82e+00 6.85e+00 6.87e+00 6.90e+00 6.92e+00 6.95e+00 6.97e+00 7.00e+00 7.02e+00 7.05e+00
7.07e+00 7.10e+00 7.12e+00 7.15e+00 7.17e+00 7.20e+00 7.22e+00 7.25e+00 7.27e+00 7.30e+00
7.32e+00 7.35e+00 7.37e+00 7.40e+00 7.42e+00 7.45e+00 7.47e+00 7.50e+00 7.52e+00 7.55e+00
7.57e+00 7.60e+00 7.62e+00 7.64e+00 7.67e+00 7.69e+00 7.72e+00 7.74e+00 7.77e+00 7.79e+00
7.82e+00 7.84e+00 7.87e+00 7.89e+00 7.92e+00 7.94e+00 7.97e+00 7.99e+00 8.01e+00 8.04e+00
8.06e+00 8.09e+00 8.11e+00 8.14e+00 8.16e+00 8.19e+00 8.21e+00 8.23e+00 8.26e+00 8.28e+00
8.31e+00 8.33e+00 8.36e+00 8.38e+00 8.40e+00 8.43e+00 8.45e+00 8.48e+00 8.51e+00 8.53e+00
8.56e+00 8.58e+00 8.60e+00 8.63e+00 8.65e+00 8.68e+00 8.70e+00 8.73e+00 8.75e+00 8.77e+00
8.80e+00 8.82e+00 8.85e+00 8.87e+00 8.90e+00 8.92e+00 8.94e+00 8.97e+00 8.99e+00 9.02e+00
9.04e+00 9.07e+00 9.09e+00 9.11e+00 9.14e+00 9.16e+00 9.19e+00 9.21e+00 9.24e+00 9.26e+00
9.28e+00 9.31e+00 9.33e+00 9.36e+00 9.38e+00 9.41e+00 9.43e+00 9.45e+00 9.48e+00 9.50e+00
9.53e+00 9.55e+00 9.57e+00 9.60e+00 9.62e+00 9.65e+00 9.67e+00 9.70e+00 9.72e+00 9.75e+00
9.77e+00 9.79e+00 9.82e+00 9.84e+00 9.87e+00 9.89e+00 9.91e+00 9.94e+00 9.96e+00 9.99e+00
1.00e+01 1.00e+01 1.01e+01 1.01e+01 1.01e+01 1.01e+01 1.02e+01 1.02e+01 1.02e+01 1.02e+01
1.03e+01 1.03e+01 1.03e+01 1.03e+01 1.04e+01 1.04e+01 1.04e+01 1.04e+01 1.05e+01 1.05e+01
1.05e+01 1.05e+01 1.05e+01 1.06e+01 1.06e+01 1.06e+01 1.06e+01 1.07e+01 1.07e+01 1.07e+01
1.07e+01 1.08e+01 1.08e+01 1.08e+01 1.08e+01 1.09e+01 1.09e+01 1.09e+01 1.09e+01 1.10e+01
1.10e+01 1.10e+01 1.10e+01 1.11e+01 1.11e+01 1.11e+01 1.11e+01 1.11e+01 1.12e+01 1.12e+01
1.12e+01 1.12e+01 1.13e+01 1.13e+01 1.13e+01 1.13e+01 1.14e+01 1.14e+01 1.14e+01 1.14e+01
1.15e+01 1.15e+01 1.15e+01 1.15e+01 1.16e+01 1.16e+01 1.16e+01 1.16e+01 1.17e+01 1.17e+01
1.17e+01 1.17e+01 1.17e+01 1.18e+01 1.18e+01 1.18e+01 1.18e+01 1.19e+01 1.19e+01 1.19e+01
1.19e+01 1.20e+01 1.20e+01 1.20e+01 1.20e+01 1.21e+01 1.21e+01 1.21e+01 1.21e+01 1.22e+01
1.22e+01 1.22e+01 1.22e+01 1.23e+01 1.23e+01 1.23e+01 1.23e+01 1.24e+01 1.24e+01 1.24e+01
1.24e+01 1.24e+01 1.25e+01 1.25e+01 1.25e+01 1.25e+01 1.26e+01 1.26e+01 1.26e+01 1.26e+01
1.27e+01 1.27e+01 1.27e+01 1.27e+01 1.28e+01 1.28e+01 1.28e+01 1.28e+01 1.29e+01 1.29e+01
1.29e+01 1.29e+01 1.29e+01 1.30e+01 1.30e+01 1.30e+01 1.30e+01 1.31e+01 1.31e+01 1.31e+01
1.31e+01 1.32e+01 1.32e+01 1.32e+01 1.32e+01 1.33e+01 1.33e+01 1.33e+01 1.33e+01 1.34e+01
1.34e+01 1.34e+01 1.34e+01 1.34e+01 1.35e+01 1.35e+01 1.35e+01 1.35e+01 1.36e+01 1.36e+01
1.36e+01 1.36e+01 1.37e+01 1.37e+01 1.37e+01 1.37e+01 1.38e+01 1.38e+01 1.38e+01 1.38e+01
1.39e+01 1.39e+01 1.39e+01 1.39e+01 1.39e+01 1.40e+01 1.40e+01 1.40e+01 1.40e+01 1.41e+01
1.41e+01 1.41e+01 1.41e+01 1.42e+01 1.42e+01 1.42e+01 1.42e+01 1.43e+01 1.43e+01 1.43e+01
1.43e+01 1.43e+01 1.44e+01 1.44e+01 1.44e+01 1.44e+01 1.45e+01 1.45e+01 1.45e+01 1.45e+01
1.45e+01 1.46e+01 1.46e+01 1.46e+01 1.46e+01 1.46e+01 1.47e+01 1.47e+01 1.47e+01 1.47e+01
1.47e+01 1.47e+01 1.48e+01 1.48e+01 1.48e+01 1.48e+01 1.48e+01 1.48e+01 1.48e+01 1.49e+01
1.49e+01 1.49e+01 1.49e+01 1.49e+01 1.49e+01 1.49e+01 1.49e+01 1.50e+01 1.50e+01 1.50e+01
1.50e+01 1.50e+01 1.50e+01 1.50e+01 1.50e+01 1.50e+01 1.50e+01 1.50e+01 1.50e+01 1.50e+01
1.50e+01 1.51e+01 1.51e+01 1.51e+01 1.51e+01 1.51e+01 1.51e+01 1.51e+01 1.51e+01 1.51e+01
1.51e+01 1.51e+01 1.51e+01 1.51e+01 1.51e+01 1.51e+01 1.51e+01 1.51e+01 1.51e+01 1.51e+01
1.51e+01 1.51e+01 1.51e+01 1.51e+01 1.51e+01 1.51e+01 1.51e+01 1.51e+01 1.51e+01 1.51e+01
1.51e+01 1.51e+01 1.51e+01 1.51e+01 1.51e+01 1.51e+01 1.51e+01 1.51e+01 1.51e+01 1.51e+01
1.51e+01 1.51e+01 1.51e+01 1.51e+01 1.51e+01 1.51e+01 1.51e+01 1.51e+01 1.51e+01 1.51e+01
1.51e+01 1.51e+01 1.51e+01 1.51e+01 1.51e+01 1.51e+01 1.51e+01 1.51e+01 1.51e+01 1.51e+01
1.51e+01 1.51e+01 1.51e+01 1.51e+01 1.51e+01 1.51e+01 1.51e+01 1.51e+01 1.51e+01 1.51e+01
1.51e+01 1.51e+01 1.51e+01 1.51e+01 1.51e+01 1.51e+01 1.51e+01 1.51e+01 1.51e+01 1.51e+01
1.51e+01 1.51e+01 1.51e+01 1.51e+01 1.51e+01 1.51e+01 1.51e+01 1.51e+01 1.51e+01 1.51e+01
1.51e+01 1.51e+01 1.51e+01 1.51e+01 1.51e+01 1.51e+01 1.51e+01 1.51e+01 1.51e+01 1.51e+01
1.51e+01 1.51e+01 1.51e+01 1.51e+01 1.51e+01 1.51e+01 1.51e+01 1.51e+01 1.51e+01 1.51e+01
1.51e+01 1.51e+01 1.51e+01 1.51e+01 1.51e+01 1.51e+01 1.51e+01 1.51e+01 1.51e+01 1.51e+01
1.51e+01 1.51e+01 1.51e+01 1.51e+01 1.51e+01 1.51e+01 1.51e+01 1.51e+01 1.51e+01 1.51e+01
1.51e+01 1.51e+01 1.51e+01 1.51e+01 1.51e+01 1.51e+01 1.51e+01 1.51e+01 1.51e+01 1.51e+01
1.51e+01 1.51e+01 1.51e+01 1.51e+01 1.51e+01 1.51e+01 1.51e+01 1.51e+01 1.51e+01 1.51e+01
1.51e+01 1.51e+01 1.51e+01 1.51e+01 1.51e+01 1.51e+01 1.51e+01 1.51e+01 7.99e-44
[ R.vdc.v2 ]
2       3       0         95
2       4       0         95
2       5       0         95
2       6       0         79
0.3587 1.02793 -0.0042426 45.0                 z, wbeg, wspac, wangle (m)   
4.948e4                                        Drift velocity (m/s)
TDC Offset Values
   1 1772.3    2 1772.3    3 1772.3    4 1772.3    5 1772.3    6 1772.3    7 1772.3    8 1772.3
   9 1772.3   10 1772.3   11 1772.3   12 1772.3   13 1772.3   14 1772.3   15 1772.3   16 1772.3
  17 1772.3   18 1772.3   19 1772.3   20 1772.3   21 1772.3   22 1772.3   23 1772.3   24 1772.3
  25 1772.3   26 1772.3   27 1772.3   28 1772.3   29 1772.3   30 1772.3   31 1772.3   32 1772.3
  33 1772.3   34 1772.3   35 1772.3   36 1772.3   37 1772.3   38 1772.3   39 1772.3   40 1772.3
  41 1772.3   42 1772.3   43 1772.3   44 1772.3   45 1772.3   46 1772.3   47 1772.3   48 1772.3
  49 1772.3   50 1772.3   51 1772.3   52 1772.3   53 1772.3   54 1772.3   55 1772.3   56 1772.3
  57 1772.3   58 1772.3   59 1772.3   60 1772.3   61 1772.3   62 1772.3   63 1772.3   64 1772.3
  65 1772.3   66 1772.3   67 1772.3   68 1772.3   69 1772.3   70 1772.3   71 1772.3   72 1772.3
  73 1772.3   74 1772.3   75 1772.3   76 1772.3   77 1772.3   78 1772.3   79 1772.3   80 1772.3
  81 1772.3   82 1772.3   83 1772.3   84 1772.3   85 1772.3   86 1772.3   87 1772.3   88 1772.3
  89 1772.3   90 1772.3   91 1772.3   92 1772.3   93 1772.3   94 1772.3   95 1772.3   96 1772.3
  97 1772.3   98 1772.3   99 1772.3  100 1772.3  101 1772.3  102 1772.3  103 1772.3  104 1772.3
 105 1772.3  106 1772.3  107 1772.3  108 1772.3  109 1772.3  110 1772.3  111 1772.3  112 1772.3
 113 1772.3  114 1772.3  115 1772.3  116 1772.3  117 1772.3  118 1772.3  119 1772.3  120 1772.3
 121 1772.3  122 1772.3  123 1772.3  124 1772.3  125 1772.3  126 1772.3  127 1772.3  128 1772.3
 129 1772.3  130 1772.3  131 1772.3  132 1772.3  133 1772.3  134 1772.3  135 1772.3  136 1772.3
 137 1772.3  138 1772.3  139 1772.3  140 1772.3  141 1772.3  142 1772.3  143 1772.3  144 1772.3
 145 1772.3  146 1772.3  147 1772.3  148 1772.3  149 1772.3  150 1772.3  151 1772.3  152 1772.3
 153 1772.3  154 1772.3  155 1772.3  156 1772.3  157 1772.3  158 1772.3  159 1772.3  160 1772.3
 161 1749.5  162 1749.5  163 1749.5  164 1749.5  165 1749.5  166 1749.5  167 1749.5  168 1749.5
 169 1749.5  170 1749.5  171 1749.5  172 1749.5  173 1749.5  174 1749.5  175 1749.5  176 1749.5
 177 1775.0  178 1775.0  179 1775.0  180 1775.0  181 1775.0  182 1775.0  183 1775.0  184 1775.0
 185 1775.0  186 1775.0  187 1775.0  188 1775.0  189 1775.0  190 1775.0  191 1775.0  192 1775.0
 193 1775.0  194 1775.0  195 1775.0  196 1775.0  197 1775.0  198 1775.0  199 1775.0  200 1775.0
 201 1775.0  202 1775.0  203 1775.0  204 1775.0  205 1775.0  206 1775.0  207 1775.0  208 1775.0
 209 1782.2  210 1782.2  211 1782.2  212 1782.2  213 1782.2  214 1782.2  215 1782.2  216 1782.2
 217 1782.2  218 1782.2  219 1782.2  220 1782.2  221 1782.2  222 1782.2  223 1782.2  224 1782.2
 225 1785.9  226 1785.9  227 1785.9  228 1785.9  229 1785.9  230 1785.9  231 1785.9  232 1785.9
 233 1785.9  234 1785.9  235 1785.9  236 1785.9  237 1785.9  238 1785.9  239 1785.9  240 1785.9
 241 1778.4  242 1778.4  243 1778.4  244 1778.4  245 1778.4  246 1778.4  247 1778.4  248 1778.4
 249 1778.4  250 1778.4  251 1778.4  252 1778.4  253 1778.4  254 1778.4  255 1778.4  256 1778.4
 257 1777.7  258 1777.7  259 1777.7  260 1777.7  261 1777.7  262 1777.7  263 1777.7  264 1777.7
 265 1777.7  266 1777.7  267 1777.7  268 1777.7  269 1777.7  270 1777.7  271 1777.7  272 1777.7
 273 1774.4  274 1774.4  275 1774.4  276 1774.4  277 1774.4  278 1774.4  279 1774.4  280 1774.4
 281 1774.4  282 1774.4  283 1774.4  284 1774.4  285 1774.4  286 1774.4  287 1774.4  288 1774.4
 289 1781.9  290 1781.9  291 1781.9  292 1781.9  293 1781.9  294 1781.9  295 1781.9  296 1781.9
 297 1781.9  298 1781.9  299 1781.9  300 1781.9  301 1781.9  302 1781.9  303 1781.9  304 1781.9
 305 1781.9  306 1781.9  307 1781.9  308 1781.9  309 1781.9  310 1781.9  311 1781.9  312 1781.9
 313 1781.9  314 1781.9  315 1781.9  316 1781.9  317 1781.9  318 1781.9  319 1781.9  320 1781.9
 321 1781.9  322 1781.9  323 1781.9  324 1781.9  325 1781.9  326 1781.9  327 1781.9  328 1781.9
 329 1781.9  330 1781.9  331 1781.9  332 1781.9  333 1781.9  334 1781.9  335 1781.9  336 1781.9
 337 1781.9  338 1781.9  339 1781.9  340 1781.9  341 1781.9  342 1781.9  343 1781.9  344 1781.9
 345 1781.9  346 1781.9  347 1781.9  348 1781.9  349 1781.9  350 1781.9  351 1781.9  352 1781.9
 353 1781.9  354 1781.9  355 1781.9  356 1781.9  357 1781.9  358 1781.9  359 1781.9  360 1781.9
 361 1781.9  362 1781.9  363 1781.9  364 1781.9  365 1781.9  366 1781.9  367 1781.9  368 1781.9
TTD Lookup Table
2.700e-08
644
0.00e+00 0.00e+00 0.00e+00 0.00e+00 0.00e+00 0.00e+00 0.00e+00 0.00e+00 0.00e+00 0.00e+00
0.00e+00 0.00e+00 0.00e+00 0.00e+00 0.00e+00 0.00e+00 0.00e+00 0.00e+00 0.00e+00 0.00e+00
0.00e+00 0.00e+00 0.00e+00 0.00e+00 0.00e+00 0.00e+00 0.00e+00 0.00e+00 0.00e+00 0.00e+00
0.00e+00 0.00e+00 0.00e+00 0.00e+00 0.00e+00 0.00e+00 0.00e+00 0.00e+00 0.00e+00 0.00e+00
0.00e+00 0.00e+00 0.00e+00 0.00e+00 0.00e+00 0.00e+00 0.00e+00 0.00e+00 0.00e+00 0.00e+00
0.00e+00 0.00e+00 0.00e+00 1.92e-03 4.63e-03 8.17e-03 1.25e-02 1.86e-02 2.61e-02 3.54e-02
4.60e-02 5.91e-02 7.44e-02 9.16e-02 1.11e-01 1.34e-01 1.58e-01 1.84e-01 2.14e-01 2.45e-01
2.77e-01 3.11e-01 3.45e-01 3.83e-01 4.20e-01 4.58e-01 4.95e-01 5.36e-01 5.77e-01 6.17e-01
6.58e-01 7.01e-01 7.43e-01 7.85e-01 8.26e-01 8.71e-01 9.14e-01 9.58e-01 1.00e+00 1.05e+00
1.09e+00 1.14e+00 1.18e+00 1.23e+00 1.27e+00 1.32e+00 1.36e+00 1.41e+00 1.46e+00 1.50e+00
1.55e+00 1.59e+00 1.64e+00 1.69e+00 1.73e+00 1.78e+00 1.83e+00 1.87e+00 1.92e+00 1.97e+00
2.01e+00 2.06e+00 2.10e+00 2.15e+00 2.19e+00 2.24e+00 2.28e+00 2.33e+00 2.38e+00 2.42e+00
2.46e+00 2.51e+00 2.55e+00 2.59e+00 2.64e+00 2.68e+00 2.72e+00 2.76e+00 2.80e+00 2.84e+00
2.87e+00 2.91e+00 2.95e+00 2.98e+00 3.01e+00 3.05e+00 3.08e+00 3.11e+00 3.14e+00 3.17e+00
3.20e+00 3.23e+00 3.26e+00 3.29e+00 3.31e+00 3.34e+00 3.37e+00 3.40e+00 3.43e+00 3.45e+00
3.48e+00 3.51e+00 3.54e+00 3.57e+00 3.60e+00 3.62e+00 3.65e+00 3.68e+00 3.71e+00 3.74e+00
3.76e+00 3.79e+00 3.82e+00 3.85e+00 3.87e+00 3.90e+00 3.93e+00 3.96e+00 3.98e+00 4.01e+00
4.04e+00 4.06e+00 4.09e+00 4.11e+00 4.14e+00 4.17e+00 4.19e+00 4.22e+00 4.25e+00 4.27e+00
4.30e+00 4.32e+00 4.35e+00 4.38e+00 4.40e+00 4.43e+00 4.45e+00 4.48e+00 4.50e+00 4.53e+00
4.55e+00 4.58e+00 4.60e+00 4.63e+00 4.65e+00 4.68e+00 4.70e+00 4.73e+00 4.75e+00 4.78e+00
4.80e+00 4.83e+00 4.85e+00 4.88e+00 4.90e+00 4.93e+00 4.95e+00 4.98e+00 5.00e+00 5.03e+00
5.05e+00 5.08e+00 5.10e+00 5.13e+00 5.15e+00 5.18e+00 5.20e+00 5.23e+00 5.25e+00 5.27e+00
5.30e+00 5.32e+00 5.35e+00 5.37e+00 5.39e+00 5.42e+00 5.44e+00 5.47e+00 5.49e+00 5.51e+00
5.54e+00 5.56e+00 5.59e+00 5.61e+00 5.63e+00 5.66e+00 5.68e+00 5.71e+00 5.73e+00 5.75e+00
5.77e+00 5.80e+00 5.82e+00 5.85e+00 5.87e+00 5.89e+00 5.92e+00 5.94e+00 5.96e+00 5.99e+00
6.01e+00 6.04e+00 6.06e+00 6.09e+00 6.11e+00 6.13e+00 6.16e+00 6.18e+00 6.21e+00 6.23e+00
6.25e+00 6.28e+00 6.30e+00 6.33e+00 6.35e+00 6.38e+00 6.40e+00 6.42e+00 6.45e+00 6.47e+00
6.50e+00 6.52e+00 6.54e+00 6.57e+00 6.59e+00 6.62e+00 6.64e+00 6.67e+00 6.69e+00 6.72e+00
6.74e+00 6.77e+00 6.79e+00 6.81e+00 6.84e+00 6.86e+00 6.89e+00 6.91e+00 6.93e+00 6.96e+00
6.98e+00 7.01e+00 7.03e+00 7.06e+00 7.08e+00 7.10e+00 7.13e+00 7.15e+00 7.18e+00 7.20e+00
7.23e+00 7.25e+00 7.28e+00 7.30e+00 7.32e+00 7.35e+00 7.37e+00 7.40e+00 7.42e+00 7.45e+00
7.47e+00 7.49e+00 7.52e+00 7.54e+00 7.57e+00 7.59e+00 7.62e+00 7.64e+00 7.66e+00 7.69e+00
7.71e+00 7.74e+00 7.76e+00 7.79e+00 7.81e+00 7.83e+00 7.86e+00 7.88e+00 7.91e+00 7.93e+00
7.95e+00 7.98e+00 8.00e+00 8.03e+00 8.05e+00 8.08e+00 8.10e+00 8.12e+00 8.15e+00 8.17e+00
8.19e+00 8.22e+00 8.24e+00 8.27e+00 8.29e+00 8.32e+00 8.34e+00 8.36e+00 8.39e+00 8.41e+00
8.43e+00 8.46e+00 8.48e+00 8.51e+00 8.53e+00 8.55e+00 8.58e+00 8.60e+00 8.62e+00 8.65e+00
8.67e+00 8.70e+00 8.72e+00 8.74e+00 8.77e+00 8.79e+00 8.82e+00 8.84e+00 8.86e+00 8.89e+00
8.91e+00 8.93e+00 8.96e+00 8.98e+00 9.01e+00 9.03e+00 9.05e+00 9.08e+00 9.10e+00 9.12e+00
9.15e+00 9.17e+00 9.20e+00 9.22e+00 9.24e+00 9.27e+00 9.29e+00 9.32e+00 9.34e+00 9.36e+00
9.39e+00 9.41e+00 9.43e+00 9.46e+00 9.48e+00 9.51e+00 9.53e+00 9.55e+00 9.58e+00 9.60e+00
9.62e+00 9.65e+00 9.67e+00 9.70e+00 9.72e+00 9.74e+00 9.77e+00 9.79e+00 9.81e+00 9.84e+00
9.86e+00 9.89e+00 9.91e+00 9.93e+00 9.96e+00 9.98e+00 1.00e+01 1.00e+01 1.01e+01 1.01e+01
1.01e+01 1.01e+01 1.01e+01 1.02e+01 1.02e+01 1.02e+01 1.02e+01 1.03e+01 1.03e+01 1.03e+01
1.03e+01 1.04e+01 1.04e+01 1.04e+01 1.04e+01 1.05e+01 1.05e+01 1.05e+01 1.05e+01 1.06e+01
1.06e+01 1.06e+01 1.06e+01 1.06e+01 1.07e+01 1.07e+01 1.07e+01 1.07e+01 1.08e+01 1.08e+01
1.08e+01 1.08e+01 1.09e+01 1.09e+01 1.09e+01 1.09e+01 1.10e+01 1.10e+01 1.10e+01 1.10e+01
1.10e+01 1.11e+01 1.11e+01 1.11e+01 1.11e+01 1.12e+01 1.12e+01 1.12e+01 1.12e+01 1.13e+01
1.13e+01 1.13e+01 1.13e+01 1.14e+01 1.14e+01 1.14e+01 1.14e+01 1.14e+01 1.15e+01 1.15e+01
1.15e+01 1.15e+01 1.16e+01 1.16e+01 1.16e+01 1.16e+01 1.17e+01 1.17e+01 1.17e+01 1.17e+01
1.18e+01 1.18e+01 1.18e+01 1.18e+01 1.19e+01 1.19e+01 1.19e+01 1.19e+01 1.19e+01 1.20e+01
1.20e+01 1.20e+01 1.20e+01 1.21e+01 1.21e+01 1.21e+01 1.21e+01 1.22e+01 1.22e+01 1.22e+01
1.22e+01 1.22e+01 1.23e+01 1.23e+01 1.23e+01 1.23e+01 1.24e+01 1.24e+01 1.24e+01 1.24e+01
1.25e+01 1.25e+01 1.25e+01 1.25e+01 1.26e+01 1.26e+01 1.26e+01 1.26e+01 1.26e+01 1.27e+01
1.27e+01 1.27e+01 1.27e+01 1.28e+01 1.28e+01 1.28e+01 1.28e+01 1.29e+01 1.29e+01 1.29e+01
1.29e+01 1.30e+01 1.30e+01 1.30e+01 1.30e+01 1.30e+01 1.31e+01 1.31e+01 1.31e+01 1.31e+01
1.32e+01 1.32e+01 1.32e+01 1.32e+01 1.33e+01 1.33e+01 1.33e+01 1.33e+01 1.34e+01 1.34e+01
1.34e+01 1.34e+01 1.34e+01 1.35e+01 1.35e+01 1.35e+01 1.35e+01 1.36e+01 1.36e+01 1.36e+01
1.36e+01 1.37e+01 1.37e+01 1.37e+01 1.37e+01 1.37e+01 1.38e+01 1.38e+01 1.38e+01 1.38e+01
1.39e+01 1.39e+01 1.39e+01 1.39e+01 1.40e+01 1.40e+01 1.40e+01 1.40e+01 1.41e+01 1.41e+01
1.41e+01 1.41e+01 1.41e+01 1.42e+01 1.42e+01 1.42e+01 1.42e+01 1.43e+01 1.43e+01 1.43e+01
1.43e+01 1.43e+01 1.44e+01 1.44e+01 1.44e+01 1.44e+01 1.45e+01 1.45e+01 1.45e+01 1.45e+01
1.45e+01 1.46e+01 1.46e+01 1.46e+01 1.46e+01 1.46e+01 1.46e+01 1.47e+01 1.47e+01 1.47e+01
1.47e+01 1.47e+01 1.48e+01 1.48e+01 1.48e+01 1.48e+01 1.48e+01 1.48e+01 1.48e+01 1.49e+01
1.49e+01 1.49e+01 1.49e+01 1.49e+01 1.49e+01 1.49e+01 1.49e+01 1.49e+01 1.50e+01 1.50e+01
1.50e+01 1.50e+01 1.50e+01 1.50e+01 1.51e+01 1.51e+01 1.51e+01 1.51e+01 1.51e+01 1.51e+01
1.51e+01 1.51e+01 1.51e+01 1.51e+01 1.51e+01 1.51e+01 1.51e+01 1.51e+01 1.51e+01 1.51e+01
1.51e+01 1.51e+01 1.51e+01 1.51e+01 1.51e+01 1.51e+01 1.51e+01 1.51e+01 1.51e+01 1.51e+01
1.51e+01 1.51e+01 1.51e+01 1.51e+01 1.51e+01 1.51e+01 1.51e+01 1.51e+01 1.51e+01 1.51e+01
1.51e+01 1.51e+01 1.51e+01 1.51e+01 1.51e+01 1.51e+01 1.51e+01 1.51e+01 1.51e+01 1.51e+01
1.51e+01 1.51e+01 1.51e+01 1.51e+01 1.51e+01 1.51e+01 1.51e+01 1.51e+01 1.51e+01 1.51e+01
1.51e+01 1.51e+01 1.51e+01 1.51e+01 1.51e+01 1.51e+01 1.51e+01 1.51e+01 1.51e+01 1.51e+01
1.51e+01 1.51e+01 1.51e+01 1.51e+01 1.51e+01 1.51e+01 1.51e+01 1.51e+01 1.51e+01 1.51e+01
1.51e+01 1.51e+01 1.51e+01 1.51e+01 1.51e+01 1.51e+01 1.51e+01 1.51e+01 1.51e+01 1.51e+01
1.51e+01 1.51e+01 1.51e+01 1.51e+01 1.51e+01 1.51e+01 1.51e+01 1.51e+01 1.51e+01 1.51e+01
1.51e+01 1.51e+01 1.51e+01 1.51e+01 1.51e+01 1.51e+01 1.51e+01 1.51e+01 1.51e+01 1.51e+01
1.51e+01 1.51e+01 1.51e+01 1.51e+01 1.51e+01 1.51e+01 1.51e+01 1.51e+01 1.51e+01 1.51e+01
1.51e+01 1.51e+01 1.51e+01 1.51e+01 1.51e+01 1.51e+01 1.51e+01 1.51e+01 1.51e+01 1.51e+01
1.51e+01 1.51e+01 1.51e+01 1.51e+01 1.51e+01 1.51e+01 1.51e+01 1.51e+01 1.51e+01 1.51e+01
1.51e+01 1.51e+01 1.51e+01 1.51e+01 1.51e+01 1.51e+01 1.51e+01 1.51e+01 1.51e+01 1.51e+01
1.51e+01 1.51e+01 1.51e+01 1.51e+01 1.51e+01 1.51e+01 1.51e+01 1.51e+01 7.99e-44
[ R.global ]
0.3348 1                     Plane Spacing, TTD Converter
matrix elements
t 0 0 0 -1.0046E+00 -3.3492E-01 -4.0787E-02  0.0000E+00  0.0000E+00  0.0000E+00   0.0000E+00
y 0 0 0 -5.1574E-03  2.6424E-04  2.2346E-03  0.0000E+00  0.0000E+00  0.0000E+00   0.0000E+00
p 0 0 0 -7.4355E-04 -2.1302E-03  1.1950E-03  0.0000E+00  0.0000E+00  0.0000E+00   0.0000E+00
D 0 0 0  0.0000E+00  8.3213E-02  1.2361E-02  1.5953E-03 -3.9872E-03  0.0000E+00   0.0000E+00
D 1 0 0 -1.9043E-02  2.5641E-01  2.1779E-02  1.3072E-01  0.0000E+00  0.0000E+00   0.0000E+00
D 2 0 0 -1.0864E+00  8.8496E-01 -1.9431E+00  0.0000E+00  0.0000E+00  0.0000E+00   0.0000E+00
D 0 0 2  1.9538E-02  3.0371E-01 -1.2155E+00  0.0000E+00  0.0000E+00  0.0000E+00   0.0000E+00
D 0 2 0  2.8829E-01 -2.9092E-01 -3.1134E-01  0.0000E+00  0.0000E+00  0.0000E+00   0.0000E+00
D 0 1 1  4.5943E-01 -7.4564E-02  8.9922E-01  0.0000E+00  0.0000E+00  0.0000E+00   0.0000E+00
D 3 0 0  5.0960E-01  9.7778E+00  0.0000E+00  0.0000E+00  0.0000E+00  0.0000E+00   0.0000E+00
D 1 2 0 -8.2555E+00  2.0051E+01  0.0000E+00  0.0000E+00  0.0000E+00  0.0000E+00   0.0000E+00
D 1 0 2 -1.2167E+01 -1.3129E+01  0.0000E+00  0.0000E+00  0.0000E+00  0.0000E+00   0.0000E+00
D 1 1 1 -3.1099E+01 -4.5123E+01  0.0000E+00  0.0000E+00  0.0000E+00  0.0000E+00   0.0000E+00
T 1 0 0 -2.3551E+00  5.6775E-01 -4.4475E-02 -1.3842E-01  0.0000E+00  0.0000E+00   0.0000E+00
T 2 0 0 -4.2266E+00  1.0975E+00  3.2612E+00  0.0000E+00  0.0000E+00  0.0000E+00   0.0000E+00
T 0 0 2  6.3757E-01  9.3859E-01 -6.0328E-01  0.0000E+00  0.0000E+00  0.0000E+00   0.0000E+00
T 0 2 0  6.8616E-01 -2.2501E+00 -3.3522E+00  0.0000E+00  0.0000E+00  0.0000E+00   0.0000E+00
T 1 2 0 -1.7294E+01 -1.3187E+02  0.0000E+00  0.0000E+00  0.0000E+00  0.0000E+00   0.0000E+00
T 3 0 0  2.0535E+02 -1.2510E+02  0.0000E+00  0.0000E+00  0.0000E+00  0.0000E+00   0.0000E+00
T 2 0 2 -1.2799E+03  0.0000E+00  0.0000E+00  0.0000E+00  0.0000E+00  0.0000E+00   0.0000E+00
T 4 0 0 -1.0844E+03  0.0000E+00  0.0000E+00  0.0000E+00  0.0000E+00  0.0000E+00   0.0000E+00
P 0 0 1 -6.1757E-01 -1.9659E-01  2.0069E-01  7.5009E-02  0.0000E+00  0.0000E+00   0.0000E+00
P 1 0 0 -1.7992E-02 -7.0981E-03  4.1751E-02  6.6100E-02  0.0000E+00  0.0000E+00   0.0000E+00
P 0 1 0 -3.7403E-01  3.4111E-01 -6.9323E-02 -1.0191E-01  0.0000E+00  0.0000E+00   0.0000E+00
P 0 1 2  2.7226E+01 -5.9994E+01  0.0000E+00  0.0000E+00  0.0000E+00  0.0000E+00   0.0000E+00
P 1 1 0  3.2109E+00 -3.7806E-01  2.9162E+00  0.0000E+00  0.0000E+00  0.0000E+00   0.0000E+00
P 1 0 1  5.0843E+00  5.6184E-01 -2.3362E+00  0.0000E+00  0.0000E+00  0.0000E+00   0.0000E+00
P 0 0 3  5.5608E+00  1.5148E+01  0.0000E+00  0.0000E+00  0.0000E+00  0.0000E+00   0.0000E+00
P 2 0 1 -1.6784E+01 -6.9989E+01  0.0000E+00  0.0000E+00  0.0000E+00  0.0000E+00   0.0000E+00
P 2 1 0 -8.2871E+01 -9.5480E+00  0.0000E+00  0.0000E+00  0.0000E+00  0.0000E+00   0.0000E+00
P 0 2 1 -6.6350E+00  9.9351E+01  0.0000E+00  0.0000E+00  0.0000E+00  0.0000E+00   0.0000E+00
P 0 3 0 -2.9771E+00 -4.1981E+01  0.0000E+00  0.0000E+00  0.0000E+00  0.0000E+00   0.0000E+00
P 1 0 3 -1.9833E+02  0.0000E+00  0.0000E+00  0.0000E+00  0.0000E+00  0.0000E+00   0.0000E+00
P 1 3 0  1.5373E+02  0.0000E+00  0.0000E+00  0.0000E+00  0.0000E+00  0.0000E+00   0.0000E+00
P 3 0 1 -3.5260E+02  0.0000E+00  0.0000E+00  0.0000E+00  0.0000E+00  0.0000E+00   0.0000E+00
P 3 1 0 -2.0890E+03  0.0000E+00  0.0000E+00  0.0000E+00  0.0000E+00  0.0000E+00   0.0000E+00
P 1 1 2  1.4738E+03  0.0000E+00  0.0000E+00  0.0000E+00  0.0000E+00  0.0000E+00   0.0000E+00
P 1 2 1 -2.2600E+03  0.0000E+00  0.0000E+00  0.0000E+00  0.0000E+00  0.0000E+00   0.0000E+00
Y 0 0 1  7.7008E-01 -1.1589E+00 -5.1395E-01  9.0376E-02  0.0000E+00  0.0000E+00   0.0000E+00
Y 0 1 0 -1.1900E+00 -8.2703E-01  4.4801E-02  3.7573E-01  0.0000E+00  0.0000E+00   0.0000E+00
Y 1 0 0  5.5759E-02 -1.5466E-02 -2.0478E-02 -1.3026E-01  0.0000E+00  0.0000E+00   0.0000E+00
Y 1 0 1 -8.8422E-01 -6.8824E+00 -2.4681E+00  0.0000E+00  0.0000E+00  0.0000E+00   0.0000E+00
Y 1 1 0 -1.5262E+01 -8.1789E-01 -7.0008E+00  0.0000E+00  0.0000E+00  0.0000E+00   0.0000E+00
Y 1 1 2  1.8638E+02  0.0000E+00  0.0000E+00  0.0000E+00  0.0000E+00  0.0000E+00   0.0000E+00
Y 1 2 1 -2.4127E+03  0.0000E+00  0.0000E+00  0.0000E+00  0.0000E+00  0.0000E+00   0.0000E+00
Y 1 0 3 -4.8588E+01  0.0000E+00  0.0000E+00  0.0000E+00  0.0000E+00  0.0000E+00   0.0000E+00
Y 1 3 0  2.8977E+03  0.0000E+00  0.0000E+00  0.0000E+00  0.0000E+00  0.0000E+00   0.0000E+00
Y 0 0 3  2.0750E+01  3.1933E+01  0.0000E+00  0.0000E+00  0.0000E+00  0.0000E+00   0.0000E+00
Y 2 1 0  3.2760E+02 -3.2782E+01  0.0000E+00  0.0000E+00  0.0000E+00  0.0000E+00   0.0000E+00
Y 0 3 0  7.8142E+01 -6.1781E+00  0.0000E+00  0.0000E+00  0.0000E+00  0.0000E+00   0.0000E+00
Y 2 0 1  3.5838E+02  1.6117E+02  0.0000E+00  0.0000E+00  0.0000E+00  0.0000E+00   0.0000E+00
Y 3 0 1  3.0626E+03  0.0000E+00  0.0000E+00  0.0000E+00  0.0000E+00  0.0000E+00   0.0000E+00
Y 3 1 0  5.9710E+03  0.0000E+00  0.0000E+00  0.0000E+00  0.0000E+00  0.0000E+00   0.0000E+00
