############ LEFT VDC #########################
No of Crate, Slot, First, Last chans
[ L.vdc.u1 ]
2       6       0      95                  U1: u1cr1, u1sl1, u1cf1, u1cl1
2       7       0      95                  ~~~ u1cr2, u1sl2, u1cf2, u1cl2
2       8       0      95                      u1cr3, u1sl3, u1cf3, u1cl3
2       9       0      79                      u1cr4, u1sl4, u1cf4, u1cl4
0.0  0.77852 -.0042426 -45.0                   z, wbeg, wspac, wangle (m)
49.28e3                                        Drift velocity (m/s)
TDC Offset Values
   1 1824.1    2 1824.1    3 1824.1    4 1824.1    5 1824.1    6 1824.1    7 1824.1    8 1824.1
   9 1824.1   10 1824.1   11 1824.1   12 1824.1   13 1824.1   14 1824.1   15 1824.1   16 1824.1
  17 1824.1   18 1824.1   19 1824.1   20 1824.1   21 1824.1   22 1824.1   23 1824.1   24 1824.1
  25 1824.1   26 1824.1   27 1824.1   28 1824.1   29 1824.1   30 1824.1   31 1824.1   32 1824.1
  33 1824.1   34 1824.1   35 1824.1   36 1824.1   37 1824.1   38 1824.1   39 1824.1   40 1824.1
  41 1824.1   42 1824.1   43 1824.1   44 1824.1   45 1824.1   46 1824.1   47 1824.1   48 1824.1
  49 1824.1   50 1824.1   51 1824.1   52 1824.1   53 1824.1   54 1824.1   55 1824.1   56 1824.1
  57 1824.1   58 1824.1   59 1824.1   60 1824.1   61 1824.1   62 1824.1   63 1824.1   64 1824.1
  65 1824.3   66 1824.3   67 1824.3   68 1824.3   69 1824.3   70 1824.3   71 1824.3   72 1824.3
  73 1824.3   74 1824.3   75 1824.3   76 1824.3   77 1824.3   78 1824.3   79 1824.3   80 1824.3
  81 1824.0   82 1824.0   83 1824.0   84 1824.0   85 1824.0   86 1824.0   87 1824.0   88 1824.0
  89 1824.0   90 1824.0   91 1824.0   92 1824.0   93 1824.0   94 1824.0   95 1824.0   96 1824.0
  97 1824.8   98 1824.8   99 1824.8  100 1824.8  101 1824.8  102 1824.8  103 1824.8  104 1824.8
 105 1824.8  106 1824.8  107 1824.8  108 1824.8  109 1824.8  110 1824.8  111 1824.8  112 1824.8
 113 1828.1  114 1828.1  115 1828.1  116 1828.1  117 1828.1  118 1828.1  119 1828.1  120 1828.1
 121 1828.1  122 1828.1  123 1828.1  124 1828.1  125 1828.1  126 1828.1  127 1828.1  128 1828.1
 129 1821.4  130 1821.4  131 1821.4  132 1821.4  133 1821.4  134 1821.4  135 1821.4  136 1821.4
 137 1821.4  138 1821.4  139 1821.4  140 1821.4  141 1821.4  142 1821.4  143 1821.4  144 1821.4
 145 1821.2  146 1821.2  147 1821.2  148 1821.2  149 1821.2  150 1821.2  151 1821.2  152 1821.2
 153 1821.2  154 1821.2  155 1821.2  156 1821.2  157 1821.2  158 1821.2  159 1821.2  160 1821.2
 161 1820.2  162 1820.2  163 1820.2  164 1820.2  165 1820.2  166 1820.2  167 1820.2  168 1820.2
 169 1820.2  170 1820.2  171 1820.2  172 1820.2  173 1820.2  174 1820.2  175 1820.2  176 1820.2
 177 1813.1  178 1813.1  179 1813.1  180 1813.1  181 1813.1  182 1813.1  183 1813.1  184 1813.1
 185 1813.1  186 1813.1  187 1813.1  188 1813.1  189 1813.1  190 1813.1  191 1813.1  192 1813.1
 193 1820.9  194 1820.9  195 1820.9  196 1820.9  197 1820.9  198 1820.9  199 1820.9  200 1820.9
 201 1820.9  202 1820.9  203 1820.9  204 1820.9  205 1820.9  206 1820.9  207 1820.9  208 1820.9
 209 1824.3  210 1824.3  211 1824.3  212 1824.3  213 1824.3  214 1824.3  215 1824.3  216 1824.3
 217 1824.3  218 1824.3  219 1824.3  220 1824.3  221 1824.3  222 1824.3  223 1824.3  224 1824.3
 225 1820.3  226 1820.3  227 1820.3  228 1820.3  229 1820.3  230 1820.3  231 1820.3  232 1820.3
 233 1820.3  234 1820.3  235 1820.3  236 1820.3  237 1820.3  238 1820.3  239 1820.3  240 1820.3
 241 1823.9  242 1823.9  243 1823.9  244 1823.9  245 1823.9  246 1823.9  247 1823.9  248 1823.9
 249 1823.9  250 1823.9  251 1823.9  252 1823.9  253 1823.9  254 1823.9  255 1823.9  256 1823.9
 257 1825.2  258 1825.2  259 1825.2  260 1825.2  261 1825.2  262 1825.2  263 1825.2  264 1825.2
 265 1825.2  266 1825.2  267 1825.2  268 1825.2  269 1825.2  270 1825.2  271 1825.2  272 1825.2
 273 1825.2  274 1825.2  275 1825.2  276 1825.2  277 1825.2  278 1825.2  279 1825.2  280 1825.2
 281 1825.2  282 1825.2  283 1825.2  284 1825.2  285 1825.2  286 1825.2  287 1825.2  288 1825.2
 289 1825.2  290 1825.2  291 1825.2  292 1825.2  293 1825.2  294 1825.2  295 1825.2  296 1825.2
 297 1825.2  298 1825.2  299 1825.2  300 1825.2  301 1825.2  302 1825.2  303 1825.2  304 1825.2
 305 1825.2  306 1825.2  307 1825.2  308 1825.2  309 1825.2  310 1825.2  311 1825.2  312 1825.2
 313 1825.2  314 1825.2  315 1825.2  316 1825.2  317 1825.2  318 1825.2  319 1825.2  320 1825.2
 321 1825.2  322 1825.2  323 1825.2  324 1825.2  325 1825.2  326 1825.2  327 1825.2  328 1825.2
 329 1825.2  330 1825.2  331 1825.2  332 1825.2  333 1825.2  334 1825.2  335 1825.2  336 1825.2
 337 1825.2  338 1825.2  339 1825.2  340 1825.2  341 1825.2  342 1825.2  343 1825.2  344 1825.2
 345 1825.2  346 1825.2  347 1825.2  348 1825.2  349 1825.2  350 1825.2  351 1825.2  352 1825.2
 353 1825.2  354 1825.2  355 1825.2  356 1825.2  357 1825.2  358 1825.2  359 1825.2  360 1825.2
 361 1825.2  362 1825.2  363 1825.2  364 1825.2  365 1825.2  366 1825.2  367 1825.2  368 1825.2
TTD Lookup Table
-2.350e-08
745
 0.0047  0.0104  0.0171  0.0247  0.0333  0.0430  0.0534  0.0647  0.0771  0.0895
 0.1035  0.1177  0.1336  0.1503  0.1692  0.1895  0.2120  0.2356  0.2628  0.2919
 0.3238  0.3571  0.3934  0.4305  0.4692  0.5094  0.5550  0.5981  0.6427  0.6859
 0.7318  0.7763  0.8221  0.8665  0.9132  0.9580  1.0034  1.0467  1.0922  1.1360
 1.1822  1.2263  1.2721  1.3167  1.3620  1.4060  1.4513  1.4957  1.5404  1.5840
 1.6299  1.6728  1.7178  1.7617  1.8074  1.8515  1.8962  1.9399  1.9847  2.0286
 2.0736  2.1172  2.1622  2.2051  2.2496  2.2923  2.3369  2.3796  2.4231  2.4645
 2.5080  2.5497  2.5920  2.6332  2.6748  2.7150  2.7553  2.7945  2.8341  2.8721
 2.9112  2.9483  2.9862  3.0229  3.0594  3.0942  3.1294  3.1632  3.1974  3.2302
 3.2636  3.2952  3.3265  3.3567  3.3878  3.4181  3.4471  3.4752  3.5038  3.5303
 3.5575  3.5838  3.6105  3.6367  3.6628  3.6884  3.7178  3.7444  3.7717  3.7981
 3.8258  3.8531  3.8813  3.9084  3.9363  3.9632  3.9906  4.0172  4.0447  4.0714
 4.0989  4.1254  4.1528  4.1792  4.2057  4.2313  4.2587  4.2848  4.3114  4.3364
 4.3637  4.3893  4.4153  4.4407  4.4669  4.4915  4.5173  4.5421  4.5679  4.5927
 4.6183  4.6431  4.6685  4.6930  4.7178  4.7419  4.7674  4.7917  4.8168  4.8405
 4.8652  4.8889  4.9133  4.9369  4.9620  4.9862  5.0110  5.0349  5.0593  5.0828
 5.1073  5.1311  5.1554  5.1792  5.2032  5.2266  5.2509  5.2741  5.2980  5.3212
 5.3455  5.3692  5.3935  5.4170  5.4413  5.4651  5.4896  5.5123  5.5367  5.5599
 5.5836  5.6062  5.6299  5.6532  5.6772  5.7001  5.7267  5.7504  5.7738  5.7967
 5.8200  5.8429  5.8661  5.8898  5.9139  5.9368  5.9607  5.9837  6.0070  6.0301
 6.0533  6.0761  6.0989  6.1216  6.1447  6.1670  6.1897  6.2125  6.2352  6.2574
 6.2797  6.3022  6.3251  6.3470  6.3693  6.3911  6.4131  6.4353  6.4580  6.4798
 6.5020  6.5239  6.5460  6.5680  6.5905  6.6128  6.6350  6.6580  6.6810  6.7033
 6.7266  6.7492  6.7721  6.7949  6.8189  6.8426  6.8661  6.8897  6.9135  6.9374
 6.9607  6.9840  7.0076  7.0313  7.0549  7.0785  7.1031  7.1266  7.1509  7.1735
 7.1972  7.2204  7.2445  7.2679  7.2915  7.3148  7.3383  7.3616  7.3858  7.4092
 7.4329  7.4568  7.4801  7.5035  7.5271  7.5505  7.5766  7.5996  7.6222  7.6453
 7.6682  7.6916  7.7146  7.7374  7.7609  7.7843  7.8076  7.8307  7.8543  7.8774
 7.9004  7.9231  7.9469  7.9698  7.9931  8.0164  8.0394  8.0622  8.0849  8.1079
 8.1310  8.1539  8.1770  8.2002  8.2231  8.2466  8.2694  8.2929  8.3160  8.3393
 8.3621  8.3851  8.4079  8.4311  8.4534  8.4767  8.5001  8.5234  8.5462  8.5685
 8.5912  8.6141  8.6371  8.6597  8.6823  8.7047  8.7280  8.7508  8.7731  8.7955
 8.8183  8.8412  8.8642  8.8875  8.9103  8.9331  8.9560  8.9788  9.0017  9.0247
 9.0474  9.0705  9.0937  9.1161  9.1386  9.1607  9.1836  9.2058  9.2280  9.2506
 9.2729  9.2951  9.3177  9.3404  9.3629  9.3854  9.4099  9.4324  9.4547  9.4777
 9.5000  9.5226  9.5445  9.5671  9.5892  9.6117  9.6334  9.6554  9.6774  9.6995
 9.7220  9.7446  9.7666  9.7888  9.8105  9.8332  9.8564  9.8794  9.9017  9.9246
 9.9464  9.9693  9.9917 10.0145 10.0373 10.0598 10.0820 10.1048 10.1274 10.1504
10.1730 10.1960 10.2187 10.2418 10.2639 10.2868 10.3099 10.3334 10.3562 10.3790
10.4018 10.4246 10.4472 10.4705 10.4935 10.5171 10.5392 10.5618 10.5845 10.6078
10.6300 10.6531 10.6755 10.6987 10.7214 10.7439 10.7662 10.7886 10.8107 10.8335
10.8557 10.8787 10.9008 10.9234 10.9457 10.9690 10.9913 11.0141 11.0365 11.0592
11.0813 11.1045 11.1271 11.1500 11.1721 11.1950 11.2191 11.2423 11.2645 11.2873
11.3093 11.3322 11.3544 11.3773 11.3994 11.4229 11.4445 11.4676 11.4897 11.5123
11.5344 11.5574 11.5793 11.6020 11.6240 11.6468 11.6681 11.6905 11.7124 11.7354
11.7576 11.7806 11.8025 11.8252 11.8471 11.8702 11.8925 11.9151 11.9370 11.9597
11.9822 12.0044 12.0264 12.0490 12.0709 12.0934 12.1152 12.1381 12.1601 12.1828
12.2044 12.2271 12.2491 12.2712 12.2934 12.3162 12.3380 12.3604 12.3822 12.4050
12.4271 12.4493 12.4711 12.4938 12.5157 12.5379 12.5598 12.5821 12.6037 12.6260
12.6479 12.6709 12.6922 12.7152 12.7370 12.7591 12.7807 12.8028 12.8254 12.8479
12.8698 12.8916 12.9136 12.9368 12.9589 12.9813 13.0075 13.0303 13.0521 13.0748
13.0964 13.1193 13.1401 13.1630 13.1846 13.2074 13.2288 13.2518 13.2734 13.2960
13.3181 13.3407 13.3626 13.3853 13.4071 13.4295 13.4514 13.4740 13.4955 13.5181
13.5395 13.5624 13.5843 13.6068 13.6287 13.6510 13.6726 13.6956 13.7171 13.7400
13.7615 13.7843 13.8060 13.8287 13.8507 13.8734 13.8952 13.9180 13.9398 13.9622
13.9839 14.0067 14.0276 14.0500 14.0716 14.0936 14.1149 14.1375 14.1586 14.1807
14.2020 14.2239 14.2448 14.2668 14.2876 14.3093 14.3298 14.3521 14.3724 14.3937
14.4140 14.4347 14.4543 14.4748 14.4938 14.5132 14.5318 14.5520 14.5702 14.5893
14.6069 14.6259 14.6435 14.6613 14.6777 14.6952 14.7126 14.7290 14.7442 14.7600
14.7747 14.7896 14.8033 14.8178 14.8307 14.8447 14.8574 14.8702 14.8825 14.8943
14.9054 14.9164 14.9269 14.9376 14.9474 14.9569 14.9660 14.9748 14.9827 14.9908
14.9980 15.0056 15.0122 15.0189 15.0248 15.0312 15.0368 15.0422 15.0473 15.0523
15.0568 15.0610 15.0650 15.0689 15.0724 15.0761 15.0792 15.0822 15.0849 15.0875
15.0898 15.0922 15.0942 15.0962 15.0980 15.0997 15.1012 15.1026 15.1037 15.1049
15.1059 15.1070 15.1078 15.1086 15.1094 15.1101 15.1107 15.1114 15.1118 15.1124
15.1129 15.1132 15.1135 15.1138 15.1141 15.1144 15.1146 15.1149 15.1151 15.1153
15.1155 15.1156 15.1158 15.1160 15.1161 15.1162 15.1163 15.1164 15.1165 15.1166
15.1167 15.1168 15.1169 15.1169 15.1170 15.1171 15.1172 15.1172 15.1173 15.1174
15.1174 15.1175 15.1175 15.1176 15.1176 15.1176 15.1177 15.1177 15.1178 15.1178
15.1179 15.1179 15.1180 
[ L.vdc.v1 ]
2      10       0      95                  V1: v1cr1, v1sl1, v1cf1, v1cl1
2      11       0      95                      v1cr2, v1sl2, v1cf2, v1cl2
2      12       0      95                      v1cr3, v1sl3, v1cf3, v1cl3
2      13       0      79                      v1cr4, v1sl4, v1cf4, v1cl4
0.026  0.77852 -.0042426 45.0                  z, wbeg, wspac, wangle (m)
49.13e3                                        Drift velocity (m/s)
TDC Offset Values
   1 1821.6    2 1821.6    3 1821.6    4 1821.6    5 1821.6    6 1821.6    7 1821.6    8 1821.6
   9 1821.6   10 1821.6   11 1821.6   12 1821.6   13 1821.6   14 1821.6   15 1821.6   16 1821.6
  17 1821.6   18 1821.6   19 1821.6   20 1821.6   21 1821.6   22 1821.6   23 1821.6   24 1821.6
  25 1821.6   26 1821.6   27 1821.6   28 1821.6   29 1821.6   30 1821.6   31 1821.6   32 1821.6
  33 1821.6   34 1821.6   35 1821.6   36 1821.6   37 1821.6   38 1821.6   39 1821.6   40 1821.6
  41 1821.6   42 1821.6   43 1821.6   44 1821.6   45 1821.6   46 1821.6   47 1821.6   48 1821.6
  49 1821.6   50 1821.6   51 1821.6   52 1821.6   53 1821.6   54 1821.6   55 1821.6   56 1821.6
  57 1821.6   58 1821.6   59 1821.6   60 1821.6   61 1821.6   62 1821.6   63 1821.6   64 1821.6
  65 1818.9   66 1818.9   67 1818.9   68 1818.9   69 1818.9   70 1818.9   71 1818.9   72 1818.9
  73 1818.9   74 1818.9   75 1818.9   76 1818.9   77 1818.9   78 1818.9   79 1818.9   80 1818.9
  81 1817.8   82 1817.8   83 1817.8   84 1817.8   85 1817.8   86 1817.8   87 1817.8   88 1817.8
  89 1817.8   90 1817.8   91 1817.8   92 1817.8   93 1817.8   94 1817.8   95 1817.8   96 1817.8
  97 1821.6   98 1821.6   99 1821.6  100 1821.6  101 1821.6  102 1821.6  103 1821.6  104 1821.6
 105 1821.6  106 1821.6  107 1821.6  108 1821.6  109 1821.6  110 1821.6  111 1821.6  112 1821.6
 113 1818.8  114 1818.8  115 1818.8  116 1818.8  117 1818.8  118 1818.8  119 1818.8  120 1818.8
 121 1818.8  122 1818.8  123 1818.8  124 1818.8  125 1818.8  126 1818.8  127 1818.8  128 1818.8
 129 1818.7  130 1818.7  131 1818.7  132 1818.7  133 1818.7  134 1818.7  135 1818.7  136 1818.7
 137 1818.7  138 1818.7  139 1818.7  140 1818.7  141 1818.7  142 1818.7  143 1818.7  144 1818.7
 145 1818.3  146 1818.3  147 1818.3  148 1818.3  149 1818.3  150 1818.3  151 1818.3  152 1818.3
 153 1818.3  154 1818.3  155 1818.3  156 1818.3  157 1818.3  158 1818.3  159 1818.3  160 1818.3
 161 1817.7  162 1817.7  163 1817.7  164 1817.7  165 1817.7  166 1817.7  167 1817.7  168 1817.7
 169 1817.7  170 1817.7  171 1817.7  172 1817.7  173 1817.7  174 1817.7  175 1817.7  176 1817.7
 177 1814.6  178 1814.6  179 1814.6  180 1814.6  181 1814.6  182 1814.6  183 1814.6  184 1814.6
 185 1814.6  186 1814.6  187 1814.6  188 1814.6  189 1814.6  190 1814.6  191 1814.6  192 1814.6
 193 1818.1  194 1818.1  195 1818.1  196 1818.1  197 1818.1  198 1818.1  199 1818.1  200 1818.1
 201 1818.1  202 1818.1  203 1818.1  204 1818.1  205 1818.1  206 1818.1  207 1818.1  208 1818.1
 209 1818.0  210 1818.0  211 1818.0  212 1818.0  213 1818.0  214 1818.0  215 1818.0  216 1818.0
 217 1818.0  218 1818.0  219 1818.0  220 1818.0  221 1818.0  222 1818.0  223 1818.0  224 1818.0
 225 1822.2  226 1822.2  227 1822.2  228 1822.2  229 1822.2  230 1822.2  231 1822.2  232 1822.2
 233 1822.2  234 1822.2  235 1822.2  236 1822.2  237 1822.2  238 1822.2  239 1822.2  240 1822.2
 241 1818.3  242 1818.3  243 1818.3  244 1818.3  245 1818.3  246 1818.3  247 1818.3  248 1818.3
 249 1818.3  250 1818.3  251 1818.3  252 1818.3  253 1818.3  254 1818.3  255 1818.3  256 1818.3
 257 1822.8  258 1822.8  259 1822.8  260 1822.8  261 1822.8  262 1822.8  263 1822.8  264 1822.8
 265 1822.8  266 1822.8  267 1822.8  268 1822.8  269 1822.8  270 1822.8  271 1822.8  272 1822.8
 273 1822.2  274 1822.2  275 1822.2  276 1822.2  277 1822.2  278 1822.2  279 1822.2  280 1822.2
 281 1822.2  282 1822.2  283 1822.2  284 1822.2  285 1822.2  286 1822.2  287 1822.2  288 1822.2
 289 1829.6  290 1829.6  291 1829.6  292 1829.6  293 1829.6  294 1829.6  295 1829.6  296 1829.6
 297 1829.6  298 1829.6  299 1829.6  300 1829.6  301 1829.6  302 1829.6  303 1829.6  304 1829.6
 305 1829.6  306 1829.6  307 1829.6  308 1829.6  309 1829.6  310 1829.6  311 1829.6  312 1829.6
 313 1829.6  314 1829.6  315 1829.6  316 1829.6  317 1829.6  318 1829.6  319 1829.6  320 1829.6
 321 1829.6  322 1829.6  323 1829.6  324 1829.6  325 1829.6  326 1829.6  327 1829.6  328 1829.6
 329 1829.6  330 1829.6  331 1829.6  332 1829.6  333 1829.6  334 1829.6  335 1829.6  336 1829.6
 337 1829.6  338 1829.6  339 1829.6  340 1829.6  341 1829.6  342 1829.6  343 1829.6  344 1829.6
 345 1829.6  346 1829.6  347 1829.6  348 1829.6  349 1829.6  350 1829.6  351 1829.6  352 1829.6
 353 1829.6  354 1829.6  355 1829.6  356 1829.6  357 1829.6  358 1829.6  359 1829.6  360 1829.6
 361 1829.6  362 1829.6  363 1829.6  364 1829.6  365 1829.6  366 1829.6  367 1829.6  368 1829.6
TTD Lookup Table
-2.250e-08
743
 0.0053  0.0112  0.0178  0.0249  0.0331  0.0419  0.0516  0.0622  0.0729  0.0849
 0.0975  0.1103  0.1240  0.1393  0.1558  0.1741  0.1941  0.2164  0.2401  0.2667
 0.2950  0.3263  0.3589  0.3933  0.4354  0.4737  0.5131  0.5538  0.5952  0.6378
 0.6799  0.7225  0.7662  0.8097  0.8530  0.8969  0.9412  0.9849  1.0288  1.0729
 1.1171  1.1624  1.2064  1.2514  1.2958  1.3410  1.3862  1.4309  1.4762  1.5216
 1.5664  1.6105  1.6551  1.7003  1.7447  1.7898  1.8353  1.8807  1.9256  1.9700
 2.0150  2.0601  2.1035  2.1474  2.1912  2.2351  2.2780  2.3205  2.3643  2.4085
 2.4497  2.4909  2.5329  2.5750  2.6161  2.6573  2.6972  2.7370  2.7753  2.8138
 2.8517  2.8893  2.9271  2.9632  2.9993  3.0355  3.0697  3.1034  3.1367  3.1697
 3.2021  3.2338  3.2644  3.2948  3.3238  3.3529  3.3811  3.4089  3.4358  3.4629
 3.4894  3.5159  3.5421  3.5685  3.5967  3.6230  3.6503  3.6765  3.7034  3.7304
 3.7574  3.7849  3.8123  3.8401  3.8677  3.8944  3.9214  3.9483  3.9746  4.0007
 4.0272  4.0545  4.0803  4.1057  4.1318  4.1583  4.1839  4.2099  4.2357  4.2615
 4.2870  4.3121  4.3378  4.3631  4.3875  4.4122  4.4373  4.4626  4.4877  4.5126
 4.5374  4.5629  4.5876  4.6124  4.6370  4.6615  4.6861  4.7103  4.7353  4.7595
 4.7837  4.8082  4.8324  4.8566  4.8801  4.9035  4.9274  4.9514  4.9754  4.9994
 5.0234  5.0471  5.0712  5.0952  5.1189  5.1427  5.1664  5.1900  5.2134  5.2376
 5.2609  5.2845  5.3088  5.3331  5.3566  5.3806  5.4046  5.4288  5.4521  5.4750
 5.4991  5.5229  5.5462  5.5699  5.5972  5.6205  5.6436  5.6669  5.6906  5.7139
 5.7374  5.7603  5.7845  5.8077  5.8311  5.8536  5.8770  5.8992  5.9221  5.9443
 5.9676  5.9905  6.0137  6.0356  6.0587  6.0813  6.1041  6.1258  6.1481  6.1702
 6.1926  6.2147  6.2372  6.2592  6.2816  6.3039  6.3264  6.3487  6.3716  6.3931
 6.4158  6.4378  6.4607  6.4826  6.5054  6.5283  6.5514  6.5737  6.5972  6.6201
 6.6437  6.6664  6.6903  6.7134  6.7370  6.7602  6.7849  6.8080  6.8317  6.8547
 6.8788  6.9027  6.9270  6.9507  6.9744  6.9977  7.0217  7.0450  7.0689  7.0925
 7.1162  7.1390  7.1633  7.1862  7.2097  7.2331  7.2568  7.2798  7.3037  7.3274
 7.3515  7.3749  7.3988  7.4217  7.4479  7.4711  7.4943  7.5177  7.5416  7.5652
 7.5889  7.6122  7.6356  7.6586  7.6820  7.7052  7.7290  7.7519  7.7750  7.7981
 7.8213  7.8446  7.8672  7.8905  7.9140  7.9371  7.9605  7.9831  8.0065  8.0294
 8.0529  8.0760  8.1000  8.1223  8.1452  8.1681  8.1913  8.2139  8.2370  8.2607
 8.2841  8.3071  8.3298  8.3520  8.3757  8.3978  8.4209  8.4432  8.4667  8.4887
 8.5113  8.5342  8.5571  8.5804  8.6033  8.6259  8.6492  8.6720  8.6955  8.7182
 8.7411  8.7640  8.7869  8.8089  8.8320  8.8557  8.8782  8.9007  8.9237  8.9467
 8.9698  8.9918  9.0149  9.0375  9.0603  9.0826  9.1050  9.1279  9.1506  9.1724
 9.1953  9.2174  9.2403  9.2625  9.2879  9.3105  9.3335  9.3559  9.3789  9.4012
 9.4235  9.4456  9.4686  9.4906  9.5133  9.5350  9.5576  9.5801  9.6026  9.6252
 9.6475  9.6703  9.6929  9.7152  9.7380  9.7606  9.7829  9.8055  9.8287  9.8520
 9.8747  9.8970  9.9199  9.9427  9.9660  9.9881 10.0112 10.0344 10.0570 10.0793
10.1022 10.1241 10.1472 10.1691 10.1921 10.2146 10.2374 10.2605 10.2834 10.3059
10.3288 10.3511 10.3744 10.3971 10.4200 10.4425 10.4658 10.4889 10.5117 10.5340
10.5571 10.5799 10.6027 10.6252 10.6487 10.6715 10.6938 10.7164 10.7394 10.7628
10.7861 10.8081 10.8309 10.8535 10.8763 10.8986 10.9220 10.9445 10.9674 10.9899
11.0127 11.0354 11.0582 11.0803 11.1037 11.1266 11.1489 11.1711 11.1942 11.2164
11.2391 11.2614 11.2847 11.3072 11.3298 11.3520 11.3752 11.3973 11.4202 11.4425
11.4655 11.4876 11.5100 11.5318 11.5547 11.5771 11.5999 11.6218 11.6444 11.6664
11.6887 11.7104 11.7332 11.7554 11.7782 11.8002 11.8226 11.8451 11.8679 11.8896
11.9125 11.9347 11.9573 11.9794 12.0022 12.0249 12.0476 12.0696 12.0918 12.1145
12.1368 12.1584 12.1812 12.2034 12.2259 12.2477 12.2706 12.2927 12.3154 12.3375
12.3598 12.3817 12.4039 12.4264 12.4493 12.4714 12.4948 12.5165 12.5390 12.5613
12.5840 12.6057 12.6281 12.6504 12.6729 12.6950 12.7177 12.7397 12.7623 12.7843
12.8066 12.8290 12.8518 12.8739 12.8999 12.9218 12.9447 12.9668 12.9894 13.0112
13.0336 13.0556 13.0785 13.1004 13.1232 13.1450 13.1681 13.1900 13.2127 13.2343
13.2573 13.2794 13.3021 13.3242 13.3471 13.3692 13.3925 13.4148 13.4373 13.4592
13.4816 13.5037 13.5267 13.5487 13.5717 13.5938 13.6168 13.6388 13.6612 13.6832
13.7063 13.7289 13.7514 13.7736 13.7962 13.8189 13.8418 13.8635 13.8859 13.9076
13.9300 13.9517 13.9744 13.9961 14.0186 14.0405 14.0637 14.0852 14.1081 14.1302
14.1527 14.1746 14.1962 14.2177 14.2399 14.2614 14.2833 14.3047 14.3264 14.3477
14.3690 14.3897 14.4107 14.4311 14.4517 14.4716 14.4922 14.5118 14.5316 14.5508
14.5703 14.5891 14.6081 14.6261 14.6460 14.6636 14.6814 14.6985 14.7156 14.7321
14.7487 14.7644 14.7807 14.7954 14.8104 14.8246 14.8386 14.8519 14.8651 14.8777
14.8901 14.9016 14.9132 14.9239 14.9346 14.9447 14.9544 14.9635 14.9727 14.9812
14.9898 14.9978 15.0055 15.0127 15.0195 15.0261 15.0325 15.0385 15.0440 15.0493
15.0547 15.0591 15.0633 15.0674 15.0711 15.0747 15.0780 15.0813 15.0840 15.0865
15.0892 15.0915 15.0938 15.0956 15.0976 15.0994 15.1009 15.1024 15.1037 15.1049
15.1060 15.1070 15.1080 15.1088 15.1097 15.1104 15.1111 15.1115 15.1121 15.1125
15.1130 15.1134 15.1137 15.1141 15.1144 15.1146 15.1149 15.1151 15.1152 15.1155
15.1156 15.1158 15.1159 15.1160 15.1162 15.1163 15.1164 15.1165 15.1166 15.1166
15.1167 15.1168 15.1168 15.1169 15.1169 15.1170 15.1170 15.1171 15.1171 15.1172
15.1173 15.1173 15.1173 15.1174 15.1174 15.1175 15.1175 15.1175 15.1176
[ L.vdc.u2 ]
2      14       0      95                  U2: u2cr1, u2sl1, u2cf1, u2cl1
2      15       0      95                  ~~~ u2cr2, u2sl2, u2cf2, u2cl2
2      16       0      95                      u2cr3, u2sl3, u2cf3, u2cl3
2      17       0      79                      u2cr4, u2sl4, u2cf4, u2cl4
0.3348 1.02718 -.0042426 -45.0                 z, wbeg, wspac, wangle (m)
49.73e3                                        Drift velocity (m/s)
TDC Offset Values
   1 1822.3    2 1822.3    3 1822.3    4 1822.3    5 1822.3    6 1822.3    7 1822.3    8 1822.3
   9 1822.3   10 1822.3   11 1822.3   12 1822.3   13 1822.3   14 1822.3   15 1822.3   16 1822.3
  17 1822.3   18 1822.3   19 1822.3   20 1822.3   21 1822.3   22 1822.3   23 1822.3   24 1822.3
  25 1822.3   26 1822.3   27 1822.3   28 1822.3   29 1822.3   30 1822.3   31 1822.3   32 1822.3
  33 1822.3   34 1822.3   35 1822.3   36 1822.3   37 1822.3   38 1822.3   39 1822.3   40 1822.3
  41 1822.3   42 1822.3   43 1822.3   44 1822.3   45 1822.3   46 1822.3   47 1822.3   48 1822.3
  49 1825.6   50 1825.6   51 1825.6   52 1825.6   53 1825.6   54 1825.6   55 1825.6   56 1825.6
  57 1825.6   58 1825.6   59 1825.6   60 1825.6   61 1825.6   62 1825.6   63 1825.6   64 1825.6
  65 1829.5   66 1829.5   67 1829.5   68 1829.5   69 1829.5   70 1829.5   71 1829.5   72 1829.5
  73 1829.5   74 1829.5   75 1829.5   76 1829.5   77 1829.5   78 1829.5   79 1829.5   80 1829.5
  81 1822.4   82 1822.4   83 1822.4   84 1822.4   85 1822.4   86 1822.4   87 1822.4   88 1822.4
  89 1822.4   90 1822.4   91 1822.4   92 1822.4   93 1822.4   94 1822.4   95 1822.4   96 1822.4
  97 1829.6   98 1829.6   99 1829.6  100 1829.6  101 1829.6  102 1829.6  103 1829.6  104 1829.6
 105 1829.6  106 1829.6  107 1829.6  108 1829.6  109 1829.6  110 1829.6  111 1829.6  112 1829.6
 113 1826.1  114 1826.1  115 1826.1  116 1826.1  117 1826.1  118 1826.1  119 1826.1  120 1826.1
 121 1826.1  122 1826.1  123 1826.1  124 1826.1  125 1826.1  126 1826.1  127 1826.1  128 1826.1
 129 1826.1  130 1826.1  131 1826.1  132 1826.1  133 1826.1  134 1826.1  135 1826.1  136 1826.1
 137 1826.1  138 1826.1  139 1826.1  140 1826.1  141 1826.1  142 1826.1  143 1826.1  144 1826.1
 145 1822.5  146 1822.5  147 1822.5  148 1822.5  149 1822.5  150 1822.5  151 1822.5  152 1822.5
 153 1822.5  154 1822.5  155 1822.5  156 1822.5  157 1822.5  158 1822.5  159 1822.5  160 1822.5
 161 1826.1  162 1826.1  163 1826.1  164 1826.1  165 1826.1  166 1826.1  167 1826.1  168 1826.1
 169 1826.1  170 1826.1  171 1826.1  172 1826.1  173 1826.1  174 1826.1  175 1826.1  176 1826.1
 177 1818.8  178 1818.8  179 1818.8  180 1818.8  181 1818.8  182 1818.8  183 1818.8  184 1818.8
 185 1818.8  186 1818.8  187 1818.8  188 1818.8  189 1818.8  190 1818.8  191 1818.8  192 1818.8
 193 1825.7  194 1825.7  195 1825.7  196 1825.7  197 1825.7  198 1825.7  199 1825.7  200 1825.7
 201 1825.7  202 1825.7  203 1825.7  204 1825.7  205 1825.7  206 1825.7  207 1825.7  208 1825.7
 209 1825.6  210 1825.6  211 1825.6  212 1825.6  213 1825.6  214 1825.6  215 1825.6  216 1825.6
 217 1825.6  218 1825.6  219 1825.6  220 1825.6  221 1825.6  222 1825.6  223 1825.6  224 1825.6
 225 1829.7  226 1829.7  227 1829.7  228 1829.7  229 1829.7  230 1829.7  231 1829.7  232 1829.7
 233 1829.7  234 1829.7  235 1829.7  236 1829.7  237 1829.7  238 1829.7  239 1829.7  240 1829.7
 241 1822.4  242 1822.4  243 1822.4  244 1822.4  245 1822.4  246 1822.4  247 1822.4  248 1822.4
 249 1822.4  250 1822.4  251 1822.4  252 1822.4  253 1822.4  254 1822.4  255 1822.4  256 1822.4
 257 1829.8  258 1829.8  259 1829.8  260 1829.8  261 1829.8  262 1829.8  263 1829.8  264 1829.8
 265 1829.8  266 1829.8  267 1829.8  268 1829.8  269 1829.8  270 1829.8  271 1829.8  272 1829.8
 273 1826.6  274 1826.6  275 1826.6  276 1826.6  277 1826.6  278 1826.6  279 1826.6  280 1826.6
 281 1826.6  282 1826.6  283 1826.6  284 1826.6  285 1826.6  286 1826.6  287 1826.6  288 1826.6
 289 1833.9  290 1833.9  291 1833.9  292 1833.9  293 1833.9  294 1833.9  295 1833.9  296 1833.9
 297 1833.9  298 1833.9  299 1833.9  300 1833.9  301 1833.9  302 1833.9  303 1833.9  304 1833.9
 305 1833.9  306 1833.9  307 1833.9  308 1833.9  309 1833.9  310 1833.9  311 1833.9  312 1833.9
 313 1833.9  314 1833.9  315 1833.9  316 1833.9  317 1833.9  318 1833.9  319 1833.9  320 1833.9
 321 1833.9  322 1833.9  323 1833.9  324 1833.9  325 1833.9  326 1833.9  327 1833.9  328 1833.9
 329 1833.9  330 1833.9  331 1833.9  332 1833.9  333 1833.9  334 1833.9  335 1833.9  336 1833.9
 337 1833.9  338 1833.9  339 1833.9  340 1833.9  341 1833.9  342 1833.9  343 1833.9  344 1833.9
 345 1833.9  346 1833.9  347 1833.9  348 1833.9  349 1833.9  350 1833.9  351 1833.9  352 1833.9
 353 1833.9  354 1833.9  355 1833.9  356 1833.9  357 1833.9  358 1833.9  359 1833.9  360 1833.9
 361 1833.9  362 1833.9  363 1833.9  364 1833.9  365 1833.9  366 1833.9  367 1833.9  368 1833.9
TTD Lookup Table
-2.300e-08
744
 0.0048  0.0107  0.0175  0.0248  0.0332  0.0427  0.0526  0.0634  0.0747  0.0868
 0.1004  0.1144  0.1301  0.1474  0.1666  0.1887  0.2123  0.2389  0.2677  0.2997
 0.3329  0.3689  0.4063  0.4458  0.4865  0.5311  0.5735  0.6174  0.6610  0.7053
 0.7500  0.7948  0.8393  0.8844  0.9294  0.9738  1.0184  1.0627  1.1075  1.1515
 1.1969  1.2417  1.2856  1.3311  1.3757  1.4208  1.4655  1.5104  1.5548  1.5998
 1.6448  1.6897  1.7343  1.7794  1.8237  1.8675  1.9111  1.9556  1.9992  2.0429
 2.0861  2.1305  2.1734  2.2175  2.2604  2.3044  2.3475  2.3907  2.4336  2.4768
 2.5191  2.5617  2.6031  2.6447  2.6847  2.7253  2.7644  2.8045  2.8434  2.8823
 2.9201  2.9576  2.9949  3.0316  3.0666  3.1020  3.1367  3.1709  3.2039  3.2365
 3.2680  3.2992  3.3300  3.3600  3.3890  3.4178  3.4459  3.4731  3.4999  3.5271
 3.5530  3.5784  3.6049  3.6311  3.6572  3.6874  3.7143  3.7419  3.7689  3.7962
 3.8234  3.8508  3.8785  3.9059  3.9334  3.9599  3.9869  4.0138  4.0410  4.0678
 4.0945  4.1217  4.1483  4.1749  4.2012  4.2270  4.2533  4.2792  4.3051  4.3309
 4.3563  4.3818  4.4070  4.4323  4.4577  4.4831  4.5078  4.5334  4.5582  4.5831
 4.6077  4.6325  4.6574  4.6820  4.7065  4.7309  4.7554  4.7800  4.8043  4.8288
 4.8540  4.8782  4.9028  4.9269  4.9511  4.9751  4.9993  5.0234  5.0478  5.0716
 5.0949  5.1188  5.1426  5.1662  5.1899  5.2137  5.2376  5.2619  5.2856  5.3093
 5.3332  5.3568  5.3801  5.4037  5.4272  5.4507  5.4745  5.4979  5.5217  5.5449
 5.5685  5.5927  5.6164  5.6395  5.6626  5.6886  5.7126  5.7360  5.7594  5.7822
 5.8055  5.8284  5.8511  5.8745  5.8981  5.9214  5.9440  5.9676  5.9910  6.0148
 6.0374  6.0602  6.0833  6.1067  6.1292  6.1523  6.1752  6.1975  6.2199  6.2430
 6.2658  6.2873  6.3090  6.3311  6.3539  6.3754  6.3976  6.4189  6.4412  6.4631
 6.4847  6.5067  6.5289  6.5513  6.5733  6.5955  6.6183  6.6408  6.6633  6.6857
 6.7084  6.7317  6.7547  6.7785  6.8020  6.8256  6.8488  6.8723  6.8964  6.9197
 6.9437  6.9678  6.9917  7.0149  7.0386  7.0625  7.0869  7.1107  7.1344  7.1585
 7.1827  7.2059  7.2293  7.2534  7.2773  7.3009  7.3241  7.3477  7.3711  7.3951
 7.4187  7.4423  7.4658  7.4894  7.5120  7.5365  7.5596  7.5825  7.6063  7.6297
 7.6528  7.6759  7.6983  7.7212  7.7439  7.7675  7.7905  7.8137  7.8368  7.8598
 7.8829  7.9057  7.9290  7.9526  7.9751  7.9981  8.0214  8.0442  8.0668  8.0900
 8.1133  8.1353  8.1585  8.1815  8.2044  8.2270  8.2498  8.2730  8.2957  8.3188
 8.3416  8.3648  8.3876  8.4106  8.4337  8.4565  8.4790  8.5022  8.5245  8.5470
 8.5701  8.5925  8.6147  8.6372  8.6603  8.6828  8.7059  8.7289  8.7519  8.7743
 8.7972  8.8203  8.8433  8.8661  8.8890  8.9121  8.9343  8.9568  8.9799  9.0026
 9.0255  9.0482  9.0704  9.0930  9.1155  9.1386  9.1608  9.1830  9.2055  9.2285
 9.2513  9.2734  9.2961  9.3185  9.3403  9.3632  9.3857  9.4081  9.4307  9.4530
 9.4755  9.4980  9.5205  9.5426  9.5654  9.5881  9.6103  9.6326  9.6550  9.6774
 9.7001  9.7221  9.7443  9.7671  9.7898  9.8125  9.8349  9.8572  9.8794  9.9018
 9.9251  9.9473  9.9701  9.9935 10.0170 10.0396 10.0618 10.0845 10.1073 10.1301
10.1522 10.1753 10.1975 10.2202 10.2427 10.2653 10.2881 10.3105 10.3333 10.3552
10.3778 10.4009 10.4238 10.4464 10.4696 10.4924 10.5154 10.5383 10.5611 10.5837
10.6064 10.6288 10.6514 10.6739 10.6964 10.7192 10.7416 10.7644 10.7873 10.8100
10.8328 10.8552 10.8775 10.9003 10.9229 10.9458 10.9684 10.9907 11.0134 11.0358
11.0590 11.0817 11.1046 11.1271 11.1497 11.1747 11.1968 11.2189 11.2413 11.2640
11.2871 11.3094 11.3317 11.3546 11.3773 11.3998 11.4221 11.4450 11.4680 11.4902
11.5126 11.5349 11.5577 11.5801 11.6022 11.6246 11.6468 11.6688 11.6913 11.7139
11.7368 11.7589 11.7811 11.8035 11.8259 11.8483 11.8706 11.8929 11.9157 11.9385
11.9610 11.9836 12.0059 12.0281 12.0502 12.0726 12.0954 12.1174 12.1400 12.1624
12.1846 12.2068 12.2289 12.2513 12.2732 12.2958 12.3176 12.3398 12.3619 12.3839
12.4053 12.4278 12.4503 12.4727 12.4945 12.5164 12.5385 12.5610 12.5826 12.6045
12.6264 12.6487 12.6712 12.6932 12.7148 12.7365 12.7585 12.7803 12.8026 12.8241
12.8472 12.8698 12.8921 12.9143 12.9365 12.9604 12.9833 13.0058 13.0283 13.0508
13.0729 13.0950 13.1175 13.1395 13.1620 13.1845 13.2070 13.2293 13.2515 13.2741
13.2962 13.3186 13.3406 13.3631 13.3856 13.4082 13.4306 13.4534 13.4750 13.4978
13.5199 13.5419 13.5642 13.5861 13.6084 13.6310 13.6536 13.6758 13.6978 13.7204
13.7426 13.7651 13.7877 13.8101 13.8317 13.8539 13.8763 13.8987 13.9209 13.9432
13.9652 13.9865 14.0085 14.0306 14.0523 14.0748 14.0969 14.1192 14.1410 14.1626
14.1844 14.2060 14.2277 14.2496 14.2708 14.2925 14.3139 14.3353 14.3567 14.3776
14.3981 14.4187 14.4397 14.4606 14.4807 14.5005 14.5213 14.5410 14.5605 14.5801
14.5991 14.6178 14.6366 14.6547 14.6725 14.6915 14.7081 14.7249 14.7411 14.7569
14.7723 14.7876 14.8022 14.8165 14.8305 14.8446 14.8579 14.8709 14.8833 14.8951
14.9069 14.9183 14.9288 14.9391 14.9490 14.9588 14.9678 14.9763 14.9850 14.9931
15.0009 15.0084 15.0152 15.0217 15.0281 15.0342 15.0400 15.0454 15.0503 15.0550
15.0595 15.0638 15.0680 15.0714 15.0748 15.0781 15.0812 15.0839 15.0866 15.0890
15.0915 15.0937 15.0956 15.0975 15.0993 15.1008 15.1024 15.1038 15.1049 15.1060
15.1070 15.1079 15.1087 15.1094 15.1101 15.1108 15.1114 15.1118 15.1124 15.1128
15.1132 15.1136 15.1138 15.1141 15.1144 15.1147 15.1149 15.1151 15.1153 15.1155
15.1156 15.1157 15.1159 15.1160 15.1161 15.1162 15.1163 15.1164 15.1165 15.1166
15.1167 15.1167 15.1168 15.1169 15.1170 15.1171 15.1171 15.1172 15.1172 15.1173
15.1174 15.1174 15.1175 15.1175 15.1176 15.1176 15.1177 15.1177 15.1178 15.1178
15.1178 
[ L.vdc.v2 ]
2      18       0      95                  V2: v2cr1, v2sl1, v2cf1, v2cl1
2      19       0      95                  ~~~ v2cr2, v2sl2, v2cf2, v2cl
2      20       0      95                      v2cr3, v2sl3, v2cf3, v2cl3
2      21       0      79                      v2cr4, v2sl4, v2cf4, v2cl4
0.3609 1.02718 -.0042426 45.0                  z, wbeg, wspac, wangle       
49.19e3                                        Drift velocity (m/s)
TDC Offset Values   
   1 1821.2    2 1821.2    3 1821.2    4 1821.2    5 1821.2    6 1821.2    7 1821.2    8 1821.2
   9 1821.2   10 1821.2   11 1821.2   12 1821.2   13 1821.2   14 1821.2   15 1821.2   16 1821.2
  17 1821.2   18 1821.2   19 1821.2   20 1821.2   21 1821.2   22 1821.2   23 1821.2   24 1821.2
  25 1821.2   26 1821.2   27 1821.2   28 1821.2   29 1821.2   30 1821.2   31 1821.2   32 1821.2
  33 1821.2   34 1821.2   35 1821.2   36 1821.2   37 1821.2   38 1821.2   39 1821.2   40 1821.2
  41 1821.2   42 1821.2   43 1821.2   44 1821.2   45 1821.2   46 1821.2   47 1821.2   48 1821.2
  49 1820.9   50 1820.9   51 1820.9   52 1820.9   53 1820.9   54 1820.9   55 1820.9   56 1820.9
  57 1820.9   58 1820.9   59 1820.9   60 1820.9   61 1820.9   62 1820.9   63 1820.9   64 1820.9
  65 1821.2   66 1821.2   67 1821.2   68 1821.2   69 1821.2   70 1821.2   71 1821.2   72 1821.2
  73 1821.2   74 1821.2   75 1821.2   76 1821.2   77 1821.2   78 1821.2   79 1821.2   80 1821.2
  81 1820.5   82 1820.5   83 1820.5   84 1820.5   85 1820.5   86 1820.5   87 1820.5   88 1820.5
  89 1820.5   90 1820.5   91 1820.5   92 1820.5   93 1820.5   94 1820.5   95 1820.5   96 1820.5
  97 1824.8   98 1824.8   99 1824.8  100 1824.8  101 1824.8  102 1824.8  103 1824.8  104 1824.8
 105 1824.8  106 1824.8  107 1824.8  108 1824.8  109 1824.8  110 1824.8  111 1824.8  112 1824.8
 113 1820.8  114 1820.8  115 1820.8  116 1820.8  117 1820.8  118 1820.8  119 1820.8  120 1820.8
 121 1820.8  122 1820.8  123 1820.8  124 1820.8  125 1820.8  126 1820.8  127 1820.8  128 1820.8
 129 1820.9  130 1820.9  131 1820.9  132 1820.9  133 1820.9  134 1820.9  135 1820.9  136 1820.9
 137 1820.9  138 1820.9  139 1820.9  140 1820.9  141 1820.9  142 1820.9  143 1820.9  144 1820.9
 145 1817.4  146 1817.4  147 1817.4  148 1817.4  149 1817.4  150 1817.4  151 1817.4  152 1817.4
 153 1817.4  154 1817.4  155 1817.4  156 1817.4  157 1817.4  158 1817.4  159 1817.4  160 1817.4
 161 1817.0  162 1817.0  163 1817.0  164 1817.0  165 1817.0  166 1817.0  167 1817.0  168 1817.0
 169 1817.0  170 1817.0  171 1817.0  172 1817.0  173 1817.0  174 1817.0  175 1817.0  176 1817.0
 177 1817.0  178 1817.0  179 1817.0  180 1817.0  181 1817.0  182 1817.0  183 1817.0  184 1817.0
 185 1817.0  186 1817.0  187 1817.0  188 1817.0  189 1817.0  190 1817.0  191 1817.0  192 1817.0
 193 1821.4  194 1821.4  195 1821.4  196 1821.4  197 1821.4  198 1821.4  199 1821.4  200 1821.4
 201 1821.4  202 1821.4  203 1821.4  204 1821.4  205 1821.4  206 1821.4  207 1821.4  208 1821.4
 209 1821.6  210 1821.6  211 1821.6  212 1821.6  213 1821.6  214 1821.6  215 1821.6  216 1821.6
 217 1821.6  218 1821.6  219 1821.6  220 1821.6  221 1821.6  222 1821.6  223 1821.6  224 1821.6
 225 1821.3  226 1821.3  227 1821.3  228 1821.3  229 1821.3  230 1821.3  231 1821.3  232 1821.3
 233 1821.3  234 1821.3  235 1821.3  236 1821.3  237 1821.3  238 1821.3  239 1821.3  240 1821.3
 241 1821.3  242 1821.3  243 1821.3  244 1821.3  245 1821.3  246 1821.3  247 1821.3  248 1821.3
 249 1821.3  250 1821.3  251 1821.3  252 1821.3  253 1821.3  254 1821.3  255 1821.3  256 1821.3
 257 1825.2  258 1825.2  259 1825.2  260 1825.2  261 1825.2  262 1825.2  263 1825.2  264 1825.2
 265 1825.2  266 1825.2  267 1825.2  268 1825.2  269 1825.2  270 1825.2  271 1825.2  272 1825.2
 273 1821.6  274 1821.6  275 1821.6  276 1821.6  277 1821.6  278 1821.6  279 1821.6  280 1821.6
 281 1821.6  282 1821.6  283 1821.6  284 1821.6  285 1821.6  286 1821.6  287 1821.6  288 1821.6
 289 1828.9  290 1828.9  291 1828.9  292 1828.9  293 1828.9  294 1828.9  295 1828.9  296 1828.9
 297 1828.9  298 1828.9  299 1828.9  300 1828.9  301 1828.9  302 1828.9  303 1828.9  304 1828.9
 305 1828.9  306 1828.9  307 1828.9  308 1828.9  309 1828.9  310 1828.9  311 1828.9  312 1828.9
 313 1828.9  314 1828.9  315 1828.9  316 1828.9  317 1828.9  318 1828.9  319 1828.9  320 1828.9
 321 1828.9  322 1828.9  323 1828.9  324 1828.9  325 1828.9  326 1828.9  327 1828.9  328 1828.9
 329 1828.9  330 1828.9  331 1828.9  332 1828.9  333 1828.9  334 1828.9  335 1828.9  336 1828.9
 337 1828.9  338 1828.9  339 1828.9  340 1828.9  341 1828.9  342 1828.9  343 1828.9  344 1828.9
 345 1828.9  346 1828.9  347 1828.9  348 1828.9  349 1828.9  350 1828.9  351 1828.9  352 1828.9
 353 1828.9  354 1828.9  355 1828.9  356 1828.9  357 1828.9  358 1828.9  359 1828.9  360 1828.9
 361 1828.9  362 1828.9  363 1828.9  364 1828.9  365 1828.9  366 1828.9  367 1828.9  368 1828.9
TTD Lookup Table
-2.250e-08
743
 0.0051  0.0111  0.0178  0.0253  0.0331  0.0421  0.0520  0.0623  0.0735  0.0859
 0.0989  0.1130  0.1283  0.1451  0.1639  0.1840  0.2071  0.2312  0.2574  0.2857
 0.3167  0.3500  0.3848  0.4208  0.4649  0.5041  0.5445  0.5852  0.6271  0.6688
 0.7114  0.7547  0.7976  0.8412  0.8844  0.9288  0.9729  1.0168  1.0610  1.1067
 1.1514  1.1955  1.2400  1.2844  1.3290  1.3733  1.4181  1.4630  1.5076  1.5526
 1.5970  1.6413  1.6854  1.7296  1.7746  1.8192  1.8642  1.9084  1.9526  1.9969
 2.0409  2.0850  2.1294  2.1732  2.2168  2.2604  2.3039  2.3471  2.3903  2.4327
 2.4748  2.5165  2.5576  2.5992  2.6402  2.6799  2.7196  2.7583  2.7965  2.8361
 2.8744  2.9117  2.9488  2.9847  3.0198  3.0549  3.0890  3.1226  3.1559  3.1879
 3.2197  3.2505  3.2802  3.3096  3.3392  3.3671  3.3954  3.4229  3.4495  3.4759
 3.5022  3.5281  3.5542  3.5807  3.6091  3.6354  3.6623  3.6895  3.7166  3.7434
 3.7699  3.7971  3.8236  3.8507  3.8778  3.9049  3.9315  3.9580  3.9847  4.0122
 4.0388  4.0648  4.0907  4.1169  4.1426  4.1687  4.1950  4.2210  4.2468  4.2721
 4.2974  4.3222  4.3474  4.3726  4.3975  4.4230  4.4486  4.4736  4.4987  4.5238
 4.5490  4.5736  4.5982  4.6230  4.6478  4.6719  4.6965  4.7214  4.7459  4.7704
 4.7947  4.8189  4.8429  4.8672  4.8913  4.9152  4.9394  4.9635  4.9873  5.0120
 5.0356  5.0595  5.0833  5.1069  5.1307  5.1537  5.1774  5.2010  5.2248  5.2483
 5.2718  5.2954  5.3192  5.3427  5.3662  5.3899  5.4133  5.4369  5.4602  5.4832
 5.5068  5.5302  5.5533  5.5770  5.6014  5.6252  5.6482  5.6722  5.6958  5.7189
 5.7425  5.7655  5.7892  5.8131  5.8366  5.8601  5.8835  5.9065  5.9290  5.9516
 5.9748  5.9971  6.0196  6.0422  6.0648  6.0873  6.1091  6.1312  6.1533  6.1751
 6.1978  6.2201  6.2432  6.2658  6.2878  6.3096  6.3320  6.3543  6.3765  6.3983
 6.4213  6.4435  6.4664  6.4893  6.5128  6.5360  6.5591  6.5823  6.6055  6.6292
 6.6518  6.6752  6.6987  6.7215  6.7449  6.7683  6.7919  6.8153  6.8388  6.8625
 6.8861  6.9104  6.9343  6.9580  6.9821  7.0055  7.0291  7.0532  7.0770  7.1006
 7.1243  7.1478  7.1715  7.1946  7.2179  7.2412  7.2648  7.2879  7.3116  7.3351
 7.3589  7.3823  7.4057  7.4287  7.4554  7.4785  7.5018  7.5251  7.5482  7.5719
 7.5953  7.6181  7.6419  7.6649  7.6885  7.7117  7.7354  7.7581  7.7818  7.8051
 7.8286  7.8518  7.8750  7.8976  7.9208  7.9435  7.9666  7.9894  8.0123  8.0352
 8.0586  8.0808  8.1045  8.1279  8.1507  8.1736  8.1968  8.2194  8.2423  8.2657
 8.2889  8.3116  8.3342  8.3577  8.3805  8.4033  8.4265  8.4489  8.4718  8.4948
 8.5172  8.5404  8.5633  8.5861  8.6093  8.6317  8.6549  8.6775  8.7015  8.7241
 8.7472  8.7698  8.7923  8.8150  8.8379  8.8608  8.8838  8.9059  8.9285  8.9509
 8.9736  8.9968  9.0199  9.0421  9.0651  9.0875  9.1099  9.1317  9.1545  9.1770
 9.1999  9.2219  9.2445  9.2669  9.2927  9.3146  9.3373  9.3600  9.3819  9.4047
 9.4271  9.4494  9.4725  9.4955  9.5180  9.5404  9.5633  9.5858  9.6083  9.6306
 9.6532  9.6760  9.6992  9.7217  9.7443  9.7671  9.7907  9.8132  9.8364  9.8593
 9.8822  9.9048  9.9274  9.9499  9.9732  9.9961 10.0194 10.0421 10.0651 10.0879
10.1107 10.1336 10.1565 10.1789 10.2024 10.2246 10.2475 10.2697 10.2929 10.3155
10.3383 10.3609 10.3836 10.4056 10.4285 10.4510 10.4743 10.4973 10.5209 10.5433
10.5662 10.5889 10.6114 10.6339 10.6563 10.6784 10.7021 10.7250 10.7479 10.7706
10.7936 10.8164 10.8392 10.8615 10.8842 10.9064 10.9295 10.9521 10.9745 10.9971
11.0198 11.0420 11.0650 11.0872 11.1115 11.1336 11.1557 11.1784 11.2011 11.2233
11.2457 11.2680 11.2907 11.3129 11.3358 11.3583 11.3821 11.4044 11.4266 11.4491
11.4715 11.4937 11.5164 11.5390 11.5617 11.5843 11.6064 11.6286 11.6516 11.6740
11.6969 11.7198 11.7416 11.7635 11.7865 11.8089 11.8313 11.8539 11.8769 11.8995
11.9215 11.9435 11.9663 11.9887 12.0117 12.0340 12.0567 12.0790 12.1018 12.1241
12.1461 12.1679 12.1903 12.2126 12.2351 12.2574 12.2802 12.3028 12.3254 12.3473
12.3696 12.3917 12.4144 12.4365 12.4594 12.4816 12.5034 12.5253 12.5477 12.5697
12.5926 12.6153 12.6377 12.6598 12.6824 12.7046 12.7273 12.7493 12.7715 12.7934
12.8159 12.8385 12.8611 12.8834 12.9074 12.9291 12.9517 12.9740 12.9964 13.0181
13.0404 13.0630 13.0856 13.1082 13.1306 13.1528 13.1751 13.1978 13.2205 13.2428
13.2656 13.2878 13.3103 13.3328 13.3549 13.3772 13.3996 13.4222 13.4447 13.4675
13.4897 13.5123 13.5345 13.5568 13.5792 13.6015 13.6234 13.6457 13.6685 13.6912
13.7132 13.7357 13.7584 13.7803 13.8024 13.8248 13.8465 13.8691 13.8916 13.9139
13.9366 13.9587 13.9813 14.0037 14.0261 14.0482 14.0705 14.0920 14.1148 14.1364
14.1582 14.1801 14.2022 14.2235 14.2454 14.2670 14.2886 14.3100 14.3317 14.3527
14.3732 14.3945 14.4158 14.4360 14.4564 14.4769 14.4972 14.5171 14.5371 14.5566
14.5760 14.5951 14.6135 14.6318 14.6524 14.6700 14.6877 14.7047 14.7213 14.7377
14.7535 14.7688 14.7842 14.7990 14.8141 14.8279 14.8420 14.8552 14.8681 14.8805
14.8929 14.9046 14.9164 14.9275 14.9379 14.9478 14.9576 14.9666 14.9753 14.9838
14.9918 14.9996 15.0070 15.0142 15.0211 15.0277 15.0337 15.0392 15.0446 15.0498
15.0546 15.0592 15.0635 15.0676 15.0716 15.0750 15.0783 15.0816 15.0845 15.0873
15.0899 15.0921 15.0942 15.0960 15.0979 15.0995 15.1010 15.1026 15.1039 15.1051
15.1063 15.1073 15.1081 15.1091 15.1100 15.1108 15.1113 15.1119 15.1124 15.1129
15.1133 15.1137 15.1140 15.1142 15.1145 15.1148 15.1149 15.1152 15.1153 15.1155
15.1157 15.1159 15.1160 15.1162 15.1163 15.1164 15.1165 15.1166 15.1167 15.1168
15.1169 15.1169 15.1170 15.1170 15.1171 15.1171 15.1172 15.1172 15.1173 15.1173
15.1174 15.1174 15.1174 15.1175 15.1176 15.1176 15.1177 15.1177 15.1177 
[ L.global ]
0.3348 1                     VDC Angle, Plane Spacing, TTD Converter
matrix elements
t 0 0 0  -1.0012E+00  -3.3095E-01  -4.1758E-02   0.0000E+00   0.0000E+00   0.0000E+00   0.0000E+00
y 0 0 0  -7.7941E-03   7.6939E-04   1.9061E-03   0.0000E+00   0.0000E+00   0.0000E+00   0.0000E+00
p 0 0 0  -1.1955E-03  -2.0046E-03   9.3703E-06   0.0000E+00   0.0000E+00   0.0000E+00   0.0000E+00
D 0 0 0   0.0000E+00   8.4713E-02   1.0904E-02   0.0000E+00   0.0000E+00   0.0000E+00   0.0000E+00
D 1 0 0  -1.5662E-02   2.5676E-01   1.5772E-02   0.0000E+00   0.0000E+00   0.0000E+00   0.0000E+00
D 2 0 0  -6.7971E-01   4.6408E-01   9.8883E-01   0.0000E+00   0.0000E+00   0.0000E+00   0.0000E+00
D 0 0 2   4.9289E-02   6.0849E-01   0.0000E+00   0.0000E+00   0.0000E+00   0.0000E+00   0.0000E+00
D 0 2 0  -1.1993E-01  -1.8262E-01   0.0000E+00   0.0000E+00   0.0000E+00   0.0000E+00   0.0000E+00
D 0 1 1   8.2516E-01  -4.9140E-01   0.0000E+00   0.0000E+00   0.0000E+00   0.0000E+00   0.0000E+00
D 1 0 2  -1.8443E+01   0.0000E+00   0.0000E+00   0.0000E+00   0.0000E+00   0.0000E+00   0.0000E+00
D 1 1 1  -1.6571E+01   0.0000E+00   0.0000E+00   0.0000E+00   0.0000E+00   0.0000E+00   0.0000E+00
D 2 0 2  -5.7898E+02   0.0000E+00   0.0000E+00   0.0000E+00   0.0000E+00   0.0000E+00   0.0000E+00
D 2 1 1  -6.9605E+02   0.0000E+00   0.0000E+00   0.0000E+00   0.0000E+00   0.0000E+00   0.0000E+00
D 0 2 2   4.8711E+01   0.0000E+00   0.0000E+00   0.0000E+00   0.0000E+00   0.0000E+00   0.0000E+00
T 1 0 0 -2.2954E+00  4.5078E-01 -9.8889E-02  4.3561E-01  0.0000E+00  0.0000E+00   0.0000E+00
T 2 0 0 -5.2779E+00  2.7356E+00 -6.2606E+00  0.0000E+00  0.0000E+00  0.0000E+00   0.0000E+00
T 1 0 2 -6.2371E+00  3.5593E+01  0.0000E+00  0.0000E+00  0.0000E+00  0.0000E+00   0.0000E+00
T 3 0 0  4.4856E+01 -2.7350E+00  0.0000E+00  0.0000E+00  0.0000E+00  0.0000E+00   0.0000E+00
P 0 0 0   1.6642E-04   3.0068E-04   0.0000E+00   0.0000E+00   0.0000E+00   0.0000E+00   0.0000E+00
P 0 0 1  -6.8971E-01  -1.2607E-01   1.8977E-01   3.1325E-03   0.0000E+00   0.0000E+00   0.0000E+00
P 0 0 3   2.0084E+01  -3.7785E+01   0.0000E+00   0.0000E+00   0.0000E+00   0.0000E+00   0.0000E+00
P 0 1 0  -3.4651E-01   3.3430E-01  -5.7709E-02   3.4133E-02   0.0000E+00   0.0000E+00   0.0000E+00
P 0 1 2  -3.0411E+01  -1.7463E+01   0.0000E+00   0.0000E+00   0.0000E+00   0.0000E+00   0.0000E+00
P 0 2 1  -3.8966E+00  -1.0755E+01   0.0000E+00   0.0000E+00   0.0000E+00   0.0000E+00   0.0000E+00
P 0 3 0  -1.1770E+01  -1.6450E+01   0.0000E+00   0.0000E+00   0.0000E+00   0.0000E+00   0.0000E+00
P 1 0 1   5.7255E+00  -2.4818E-01  -1.2066E+00   0.0000E+00   0.0000E+00   0.0000E+00   0.0000E+00
P 1 0 3  -3.6997E+01  -1.8835E+03   0.0000E+00   0.0000E+00   0.0000E+00   0.0000E+00   0.0000E+00
P 1 1 0   3.4598E+00   8.8311E-02  -8.2621E-01   0.0000E+00   0.0000E+00   0.0000E+00   0.0000E+00
P 1 1 2  -5.6648E+02   0.0000E+00   0.0000E+00   0.0000E+00   0.0000E+00   0.0000E+00   0.0000E+00
P 1 2 1  -1.0287E+03   0.0000E+00   0.0000E+00   0.0000E+00   0.0000E+00   0.0000E+00   0.0000E+00
P 1 3 0  -4.8731E+02   0.0000E+00   0.0000E+00   0.0000E+00   0.0000E+00   0.0000E+00   0.0000E+00
P 2 0 1  -8.7196E+00  -6.1964E+01   0.0000E+00   0.0000E+00   0.0000E+00   0.0000E+00   0.0000E+00
P 2 1 0  -8.1934E+01   7.2377E+01   0.0000E+00   0.0000E+00   0.0000E+00   0.0000E+00   0.0000E+00
P 3 0 1  -2.4904E+02   0.0000E+00   0.0000E+00   0.0000E+00   0.0000E+00   0.0000E+00   0.0000E+00
P 3 1 0  -1.8132E+03   0.0000E+00   0.0000E+00   0.0000E+00   0.0000E+00   0.0000E+00   0.0000E+00
Y 0 0 1   7.2704E-01  -1.2440E+00  -5.7179E-01   2.3299E-01   0.0000E+00   0.0000E+00   0.0000E+00
Y 0 0 3   1.2121E+01   3.9254E+01   0.0000E+00   0.0000E+00   0.0000E+00   0.0000E+00   0.0000E+00
Y 0 1 0  -1.1209E+00  -7.5959E-01   2.3346E-01  -1.5054E-02   0.0000E+00   0.0000E+00   0.0000E+00
Y 0 1 2   3.5014E+01   2.2649E+01   0.0000E+00   0.0000E+00   0.0000E+00   0.0000E+00   0.0000E+00
Y 0 2 1   4.1347E+01   1.1394E+02   0.0000E+00   0.0000E+00   0.0000E+00   0.0000E+00   0.0000E+00
Y 0 3 0   5.4367E+01   5.8066E+01   0.0000E+00   0.0000E+00   0.0000E+00   0.0000E+00   0.0000E+00
Y 1 0 1  -2.7706E+00  -6.6474E+00  -1.0838E+01   0.0000E+00   0.0000E+00   0.0000E+00   0.0000E+00
Y 1 0 3   8.9726E+02   0.0000E+00   0.0000E+00   0.0000E+00   0.0000E+00   0.0000E+00   0.0000E+00
Y 1 1 0  -1.3759E+01  -1.6219E+00   2.2539E+00   0.0000E+00   0.0000E+00   0.0000E+00   0.0000E+00
Y 1 1 2   3.2208E+02   0.0000E+00   0.0000E+00   0.0000E+00   0.0000E+00   0.0000E+00   0.0000E+00
Y 1 2 1  -4.4523E+02   0.0000E+00   0.0000E+00   0.0000E+00   0.0000E+00   0.0000E+00   0.0000E+00
Y 1 3 0   6.0191E+02   0.0000E+00   0.0000E+00   0.0000E+00   0.0000E+00   0.0000E+00   0.0000E+00
Y 2 0 1   4.2366E+02   2.8420E+02   0.0000E+00   0.0000E+00   0.0000E+00   0.0000E+00   0.0000E+00
Y 2 1 0   3.1110E+02  -1.9777E+02   0.0000E+00   0.0000E+00   0.0000E+00   0.0000E+00   0.0000E+00
Y 3 0 1   2.5606E+03   0.0000E+00   0.0000E+00   0.0000E+00   0.0000E+00   0.0000E+00   0.0000E+00
Y 3 1 0   3.8849E+03   0.0000E+00   0.0000E+00   0.0000E+00   0.0000E+00   0.0000E+00   0.0000E+00
