############# RIGHT VDCS  ###################
No of Crate, Slot, First, Last chans
[ R.vdc.u1 ]
1       4       0       95                 U1: u1cr1, u1sl1, u1cf1, u1cl1
1       5       0       95                 ~~~ u1cr2, u1sl2, u1cf2, u1cl2
1       6       0       95                     u1cr3, u1sl3, u1cf3, u1cl3
1       7       0       79                     u1cr4, u1sl4, u1cf4, u1cl4
0.0  0.77852 -0.0042426 -45.0                  z, wbeg, wspac, wangle (m)
5.000e4                                        Drift velocity (m/s)
TDC Offset Values
   1 1821.8    2 1821.8    3 1821.8    4 1821.8    5 1821.8    6 1821.8    7 1821.8    8 1821.8
   9 1821.8   10 1821.8   11 1821.8   12 1821.8   13 1821.8   14 1821.8   15 1821.8   16 1821.8
  17 1821.8   18 1821.8   19 1821.8   20 1821.8   21 1821.8   22 1821.8   23 1821.8   24 1821.8
  25 1821.8   26 1821.8   27 1821.8   28 1821.8   29 1821.8   30 1821.8   31 1821.8   32 1821.8
  33 1821.8   34 1821.8   35 1821.8   36 1821.8   37 1821.8   38 1821.8   39 1821.8   40 1821.8
  41 1821.8   42 1821.8   43 1821.8   44 1821.8   45 1821.8   46 1821.8   47 1821.8   48 1821.8
  49 1818.7   50 1818.7   51 1818.7   52 1818.7   53 1818.7   54 1818.7   55 1818.7   56 1818.7
  57 1818.7   58 1818.7   59 1818.7   60 1818.7   61 1818.7   62 1818.7   63 1818.7   64 1818.7
  65 1821.8   66 1821.8   67 1821.8   68 1821.8   69 1821.8   70 1821.8   71 1821.8   72 1821.8
  73 1821.8   74 1821.8   75 1821.8   76 1821.8   77 1821.8   78 1821.8   79 1821.8   80 1821.8
  81 1817.7   82 1817.7   83 1817.7   84 1817.7   85 1817.7   86 1817.7   87 1817.7   88 1817.7
  89 1817.7   90 1817.7   91 1817.7   92 1817.7   93 1817.7   94 1817.7   95 1817.7   96 1817.7
  97 1821.5   98 1821.5   99 1821.5  100 1821.5  101 1821.5  102 1821.5  103 1821.5  104 1821.5
 105 1821.5  106 1821.5  107 1821.5  108 1821.5  109 1821.5  110 1821.5  111 1821.5  112 1821.5
 113 1818.5  114 1818.5  115 1818.5  116 1818.5  117 1818.5  118 1818.5  119 1818.5  120 1818.5
 121 1818.5  122 1818.5  123 1818.5  124 1818.5  125 1818.5  126 1818.5  127 1818.5  128 1818.5
 129 1821.7  130 1821.7  131 1821.7  132 1821.7  133 1821.7  134 1821.7  135 1821.7  136 1821.7
 137 1821.7  138 1821.7  139 1821.7  140 1821.7  141 1821.7  142 1821.7  143 1821.7  144 1821.7
 145 1818.0  146 1818.0  147 1818.0  148 1818.0  149 1818.0  150 1818.0  151 1818.0  152 1818.0
 153 1818.0  154 1818.0  155 1818.0  156 1818.0  157 1818.0  158 1818.0  159 1818.0  160 1818.0
 161 1814.4  162 1814.4  163 1814.4  164 1814.4  165 1814.4  166 1814.4  167 1814.4  168 1814.4
 169 1814.4  170 1814.4  171 1814.4  172 1814.4  173 1814.4  174 1814.4  175 1814.4  176 1814.4
 177 1813.9  178 1813.9  179 1813.9  180 1813.9  181 1813.9  182 1813.9  183 1813.9  184 1813.9
 185 1813.9  186 1813.9  187 1813.9  188 1813.9  189 1813.9  190 1813.9  191 1813.9  192 1813.9
 193 1818.0  194 1818.0  195 1818.0  196 1818.0  197 1818.0  198 1818.0  199 1818.0  200 1818.0
 201 1818.0  202 1818.0  203 1818.0  204 1818.0  205 1818.0  206 1818.0  207 1818.0  208 1818.0
 209 1818.2  210 1818.2  211 1818.2  212 1818.2  213 1818.2  214 1818.2  215 1818.2  216 1818.2
 217 1818.2  218 1818.2  219 1818.2  220 1818.2  221 1818.2  222 1818.2  223 1818.2  224 1818.2
 225 1822.1  226 1822.1  227 1822.1  228 1822.1  229 1822.1  230 1822.1  231 1822.1  232 1822.1
 233 1822.1  234 1822.1  235 1822.1  236 1822.1  237 1822.1  238 1822.1  239 1822.1  240 1822.1
 241 1818.2  242 1818.2  243 1818.2  244 1818.2  245 1818.2  246 1818.2  247 1818.2  248 1818.2
 249 1818.2  250 1818.2  251 1818.2  252 1818.2  253 1818.2  254 1818.2  255 1818.2  256 1818.2
 257 1822.2  258 1822.2  259 1822.2  260 1822.2  261 1822.2  262 1822.2  263 1822.2  264 1822.2
 265 1822.2  266 1822.2  267 1822.2  268 1822.2  269 1822.2  270 1822.2  271 1822.2  272 1822.2
 273 1822.7  274 1822.7  275 1822.7  276 1822.7  277 1822.7  278 1822.7  279 1822.7  280 1822.7
 281 1822.7  282 1822.7  283 1822.7  284 1822.7  285 1822.7  286 1822.7  287 1822.7  288 1822.7
 289 1826.5  290 1826.5  291 1826.5  292 1826.5  293 1826.5  294 1826.5  295 1826.5  296 1826.5
 297 1826.5  298 1826.5  299 1826.5  300 1826.5  301 1826.5  302 1826.5  303 1826.5  304 1826.5
 305 1826.5  306 1826.5  307 1826.5  308 1826.5  309 1826.5  310 1826.5  311 1826.5  312 1826.5
 313 1826.5  314 1826.5  315 1826.5  316 1826.5  317 1826.5  318 1826.5  319 1826.5  320 1826.5
 321 1826.5  322 1826.5  323 1826.5  324 1826.5  325 1826.5  326 1826.5  327 1826.5  328 1826.5
 329 1826.5  330 1826.5  331 1826.5  332 1826.5  333 1826.5  334 1826.5  335 1826.5  336 1826.5
 337 1826.5  338 1826.5  339 1826.5  340 1826.5  341 1826.5  342 1826.5  343 1826.5  344 1826.5
 345 1826.5  346 1826.5  347 1826.5  348 1826.5  349 1826.5  350 1826.5  351 1826.5  352 1826.5
 353 1826.5  354 1826.5  355 1826.5  356 1826.5  357 1826.5  358 1826.5  359 1826.5  360 1826.5
 361 1826.5  362 1826.5  363 1826.5  364 1826.5  365 1826.5  366 1826.5  367 1826.5  368 1826.5
TTD Lookup Table
2.550e-08
647
0.00e+00 0.00e+00 0.00e+00 0.00e+00 0.00e+00 0.00e+00 0.00e+00 0.00e+00 0.00e+00 0.00e+00
0.00e+00 0.00e+00 0.00e+00 0.00e+00 0.00e+00 0.00e+00 0.00e+00 0.00e+00 0.00e+00 0.00e+00
0.00e+00 0.00e+00 0.00e+00 0.00e+00 0.00e+00 0.00e+00 0.00e+00 0.00e+00 0.00e+00 0.00e+00
0.00e+00 0.00e+00 0.00e+00 0.00e+00 0.00e+00 0.00e+00 0.00e+00 0.00e+00 0.00e+00 0.00e+00
0.00e+00 0.00e+00 0.00e+00 0.00e+00 0.00e+00 0.00e+00 0.00e+00 0.00e+00 0.00e+00 0.00e+00
2.79e-03 6.79e-03 1.19e-02 1.82e-02 2.59e-02 3.57e-02 4.72e-02 6.06e-02 7.67e-02 9.54e-02
1.16e-01 1.38e-01 1.63e-01 1.91e-01 2.21e-01 2.51e-01 2.85e-01 3.20e-01 3.62e-01 3.99e-01
4.39e-01 4.78e-01 5.18e-01 5.58e-01 6.02e-01 6.43e-01 6.86e-01 7.27e-01 7.71e-01 8.14e-01
8.57e-01 8.99e-01 9.45e-01 9.88e-01 1.03e+00 1.08e+00 1.12e+00 1.16e+00 1.21e+00 1.25e+00
1.30e+00 1.34e+00 1.39e+00 1.43e+00 1.48e+00 1.52e+00 1.57e+00 1.61e+00 1.66e+00 1.70e+00
1.75e+00 1.79e+00 1.83e+00 1.88e+00 1.92e+00 1.97e+00 2.01e+00 2.06e+00 2.10e+00 2.15e+00
2.19e+00 2.24e+00 2.28e+00 2.32e+00 2.37e+00 2.41e+00 2.45e+00 2.49e+00 2.54e+00 2.58e+00
2.62e+00 2.66e+00 2.70e+00 2.74e+00 2.78e+00 2.82e+00 2.86e+00 2.90e+00 2.93e+00 2.96e+00
3.00e+00 3.03e+00 3.06e+00 3.09e+00 3.13e+00 3.16e+00 3.18e+00 3.21e+00 3.25e+00 3.27e+00
3.30e+00 3.33e+00 3.36e+00 3.38e+00 3.41e+00 3.44e+00 3.47e+00 3.50e+00 3.53e+00 3.55e+00
3.58e+00 3.61e+00 3.64e+00 3.67e+00 3.70e+00 3.72e+00 3.75e+00 3.78e+00 3.81e+00 3.83e+00
3.86e+00 3.89e+00 3.92e+00 3.94e+00 3.97e+00 4.00e+00 4.02e+00 4.05e+00 4.08e+00 4.10e+00
4.13e+00 4.16e+00 4.18e+00 4.21e+00 4.24e+00 4.26e+00 4.29e+00 4.32e+00 4.34e+00 4.37e+00
4.39e+00 4.42e+00 4.44e+00 4.47e+00 4.50e+00 4.52e+00 4.55e+00 4.57e+00 4.60e+00 4.62e+00
4.65e+00 4.67e+00 4.70e+00 4.72e+00 4.75e+00 4.77e+00 4.80e+00 4.82e+00 4.85e+00 4.87e+00
4.90e+00 4.92e+00 4.95e+00 4.97e+00 5.00e+00 5.02e+00 5.05e+00 5.07e+00 5.10e+00 5.12e+00
5.14e+00 5.17e+00 5.19e+00 5.22e+00 5.24e+00 5.27e+00 5.29e+00 5.31e+00 5.34e+00 5.36e+00
5.39e+00 5.41e+00 5.44e+00 5.46e+00 5.48e+00 5.51e+00 5.53e+00 5.55e+00 5.58e+00 5.60e+00
5.63e+00 5.65e+00 5.67e+00 5.70e+00 5.72e+00 5.74e+00 5.77e+00 5.79e+00 5.81e+00 5.84e+00
5.86e+00 5.88e+00 5.91e+00 5.93e+00 5.96e+00 5.98e+00 6.00e+00 6.03e+00 6.05e+00 6.07e+00
6.10e+00 6.12e+00 6.15e+00 6.17e+00 6.19e+00 6.22e+00 6.24e+00 6.26e+00 6.29e+00 6.31e+00
6.34e+00 6.36e+00 6.39e+00 6.41e+00 6.43e+00 6.46e+00 6.48e+00 6.51e+00 6.53e+00 6.55e+00
6.58e+00 6.60e+00 6.63e+00 6.65e+00 6.68e+00 6.70e+00 6.72e+00 6.75e+00 6.77e+00 6.80e+00
6.82e+00 6.85e+00 6.87e+00 6.89e+00 6.92e+00 6.94e+00 6.97e+00 6.99e+00 7.02e+00 7.04e+00
7.06e+00 7.09e+00 7.11e+00 7.14e+00 7.16e+00 7.18e+00 7.21e+00 7.23e+00 7.26e+00 7.28e+00
7.30e+00 7.33e+00 7.35e+00 7.38e+00 7.40e+00 7.42e+00 7.45e+00 7.47e+00 7.50e+00 7.52e+00
7.55e+00 7.57e+00 7.59e+00 7.62e+00 7.64e+00 7.67e+00 7.69e+00 7.71e+00 7.74e+00 7.76e+00
7.78e+00 7.81e+00 7.83e+00 7.86e+00 7.88e+00 7.90e+00 7.93e+00 7.95e+00 7.98e+00 8.00e+00
8.02e+00 8.05e+00 8.07e+00 8.09e+00 8.12e+00 8.14e+00 8.17e+00 8.19e+00 8.21e+00 8.24e+00
8.26e+00 8.28e+00 8.31e+00 8.33e+00 8.35e+00 8.38e+00 8.40e+00 8.43e+00 8.45e+00 8.47e+00
8.50e+00 8.52e+00 8.55e+00 8.57e+00 8.59e+00 8.62e+00 8.64e+00 8.66e+00 8.69e+00 8.71e+00
8.73e+00 8.76e+00 8.78e+00 8.81e+00 8.83e+00 8.85e+00 8.88e+00 8.90e+00 8.92e+00 8.95e+00
8.97e+00 8.99e+00 9.02e+00 9.04e+00 9.06e+00 9.09e+00 9.11e+00 9.13e+00 9.16e+00 9.18e+00
9.21e+00 9.23e+00 9.25e+00 9.28e+00 9.30e+00 9.32e+00 9.35e+00 9.37e+00 9.39e+00 9.42e+00
9.44e+00 9.46e+00 9.49e+00 9.51e+00 9.54e+00 9.56e+00 9.58e+00 9.61e+00 9.63e+00 9.65e+00
9.68e+00 9.70e+00 9.72e+00 9.75e+00 9.77e+00 9.79e+00 9.82e+00 9.84e+00 9.86e+00 9.89e+00
9.91e+00 9.94e+00 9.96e+00 9.98e+00 1.00e+01 1.00e+01 1.01e+01 1.01e+01 1.01e+01 1.01e+01
1.01e+01 1.02e+01 1.02e+01 1.02e+01 1.02e+01 1.03e+01 1.03e+01 1.03e+01 1.03e+01 1.04e+01
1.04e+01 1.04e+01 1.04e+01 1.05e+01 1.05e+01 1.05e+01 1.05e+01 1.05e+01 1.06e+01 1.06e+01
1.06e+01 1.06e+01 1.07e+01 1.07e+01 1.07e+01 1.07e+01 1.08e+01 1.08e+01 1.08e+01 1.08e+01
1.08e+01 1.09e+01 1.09e+01 1.09e+01 1.09e+01 1.10e+01 1.10e+01 1.10e+01 1.10e+01 1.11e+01
1.11e+01 1.11e+01 1.11e+01 1.12e+01 1.12e+01 1.12e+01 1.12e+01 1.12e+01 1.13e+01 1.13e+01
1.13e+01 1.13e+01 1.14e+01 1.14e+01 1.14e+01 1.14e+01 1.15e+01 1.15e+01 1.15e+01 1.15e+01
1.15e+01 1.16e+01 1.16e+01 1.16e+01 1.16e+01 1.17e+01 1.17e+01 1.17e+01 1.17e+01 1.18e+01
1.18e+01 1.18e+01 1.18e+01 1.19e+01 1.19e+01 1.19e+01 1.19e+01 1.19e+01 1.20e+01 1.20e+01
1.20e+01 1.20e+01 1.21e+01 1.21e+01 1.21e+01 1.21e+01 1.22e+01 1.22e+01 1.22e+01 1.22e+01
1.22e+01 1.23e+01 1.23e+01 1.23e+01 1.23e+01 1.24e+01 1.24e+01 1.24e+01 1.24e+01 1.25e+01
1.25e+01 1.25e+01 1.25e+01 1.25e+01 1.26e+01 1.26e+01 1.26e+01 1.26e+01 1.27e+01 1.27e+01
1.27e+01 1.27e+01 1.28e+01 1.28e+01 1.28e+01 1.28e+01 1.28e+01 1.29e+01 1.29e+01 1.29e+01
1.29e+01 1.30e+01 1.30e+01 1.30e+01 1.30e+01 1.31e+01 1.31e+01 1.31e+01 1.31e+01 1.31e+01
1.32e+01 1.32e+01 1.32e+01 1.32e+01 1.33e+01 1.33e+01 1.33e+01 1.33e+01 1.34e+01 1.34e+01
1.34e+01 1.34e+01 1.34e+01 1.35e+01 1.35e+01 1.35e+01 1.35e+01 1.36e+01 1.36e+01 1.36e+01
1.36e+01 1.37e+01 1.37e+01 1.37e+01 1.37e+01 1.37e+01 1.38e+01 1.38e+01 1.38e+01 1.38e+01
1.39e+01 1.39e+01 1.39e+01 1.39e+01 1.40e+01 1.40e+01 1.40e+01 1.40e+01 1.40e+01 1.41e+01
1.41e+01 1.41e+01 1.41e+01 1.42e+01 1.42e+01 1.42e+01 1.42e+01 1.42e+01 1.43e+01 1.43e+01
1.43e+01 1.43e+01 1.44e+01 1.44e+01 1.44e+01 1.44e+01 1.44e+01 1.45e+01 1.45e+01 1.45e+01
1.45e+01 1.45e+01 1.45e+01 1.46e+01 1.46e+01 1.46e+01 1.46e+01 1.46e+01 1.47e+01 1.47e+01
1.47e+01 1.47e+01 1.47e+01 1.47e+01 1.48e+01 1.48e+01 1.48e+01 1.48e+01 1.48e+01 1.48e+01
1.48e+01 1.48e+01 1.49e+01 1.49e+01 1.49e+01 1.49e+01 1.49e+01 1.49e+01 1.49e+01 1.49e+01
1.49e+01 1.50e+01 1.50e+01 1.50e+01 1.50e+01 1.50e+01 1.50e+01 1.51e+01 1.51e+01 1.51e+01
1.51e+01 1.51e+01 1.51e+01 1.51e+01 1.51e+01 1.51e+01 1.51e+01 1.51e+01 1.51e+01 1.51e+01
1.51e+01 1.51e+01 1.51e+01 1.51e+01 1.51e+01 1.51e+01 1.51e+01 1.51e+01 1.51e+01 1.51e+01
1.51e+01 1.51e+01 1.51e+01 1.51e+01 1.51e+01 1.51e+01 1.51e+01 1.51e+01 1.51e+01 1.51e+01
1.51e+01 1.51e+01 1.51e+01 1.51e+01 1.51e+01 1.51e+01 1.51e+01 1.51e+01 1.51e+01 1.51e+01
1.51e+01 1.51e+01 1.51e+01 1.51e+01 1.51e+01 1.51e+01 1.51e+01 1.51e+01 1.51e+01 1.51e+01
1.51e+01 1.51e+01 1.51e+01 1.51e+01 1.51e+01 1.51e+01 1.51e+01 1.51e+01 1.51e+01 1.51e+01
1.51e+01 1.51e+01 1.51e+01 1.51e+01 1.51e+01 1.51e+01 1.51e+01 1.51e+01 1.51e+01 1.51e+01
1.51e+01 1.51e+01 1.51e+01 1.51e+01 1.51e+01 1.51e+01 1.51e+01 1.51e+01 1.51e+01 1.51e+01
1.51e+01 1.51e+01 1.51e+01 1.51e+01 1.51e+01 1.51e+01 1.51e+01 1.51e+01 1.51e+01 1.51e+01
1.51e+01 1.51e+01 1.51e+01 1.51e+01 1.51e+01 1.51e+01 1.51e+01 1.51e+01 1.51e+01 1.51e+01
1.51e+01 1.51e+01 1.51e+01 1.51e+01 1.51e+01 1.51e+01 1.51e+01 1.51e+01 1.51e+01 1.51e+01
1.51e+01 1.51e+01 1.51e+01 1.51e+01 1.51e+01 1.51e+01 1.51e+01 1.51e+01 1.51e+01 1.51e+01
1.51e+01 1.51e+01 1.51e+01 1.51e+01 1.51e+01 1.51e+01 1.51e+01 1.51e+01 1.51e+01 1.51e+01
1.51e+01 1.51e+01 1.51e+01 1.51e+01 1.51e+01 1.51e+01 1.51e+01 1.51e+01 1.51e+01 1.51e+01
1.51e+01 1.51e+01 1.51e+01 1.51e+01 1.51e+01 1.51e+01 1.51e+01 1.51e+01 
[ R.vdc.v1 ]
1       8       0         95               V1: v1cr1, v1sl1, v1cf1, v1cl1
1       9       0         95                   v1cr2, v1sl2, v1cf2, v1cl2
1      10       0         95                   v1cr3, v1sl3, v1cf3, v1cl3
1      11       0         79                   v1cr4, v1sl4, v1cf4, v1cl4
0.026  0.77852 -0.0042426 45.0                 z, wbeg, wspac, wangle (m)
4.971e4                                        Drift velocity (m/s)
TDC Offset Values
   1 1822.7    2 1822.7    3 1822.7    4 1822.7    5 1822.7    6 1822.7    7 1822.7    8 1822.7
   9 1822.7   10 1822.7   11 1822.7   12 1822.7   13 1822.7   14 1822.7   15 1822.7   16 1822.7
  17 1822.7   18 1822.7   19 1822.7   20 1822.7   21 1822.7   22 1822.7   23 1822.7   24 1822.7
  25 1822.7   26 1822.7   27 1822.7   28 1822.7   29 1822.7   30 1822.7   31 1822.7   32 1822.7
  33 1822.7   34 1822.7   35 1822.7   36 1822.7   37 1822.7   38 1822.7   39 1822.7   40 1822.7
  41 1822.7   42 1822.7   43 1822.7   44 1822.7   45 1822.7   46 1822.7   47 1822.7   48 1822.7
  49 1819.6   50 1819.6   51 1819.6   52 1819.6   53 1819.6   54 1819.6   55 1819.6   56 1819.6
  57 1819.6   58 1819.6   59 1819.6   60 1819.6   61 1819.6   62 1819.6   63 1819.6   64 1819.6
  65 1819.5   66 1819.5   67 1819.5   68 1819.5   69 1819.5   70 1819.5   71 1819.5   72 1819.5
  73 1819.5   74 1819.5   75 1819.5   76 1819.5   77 1819.5   78 1819.5   79 1819.5   80 1819.5
  81 1818.9   82 1818.9   83 1818.9   84 1818.9   85 1818.9   86 1818.9   87 1818.9   88 1818.9
  89 1818.9   90 1818.9   91 1818.9   92 1818.9   93 1818.9   94 1818.9   95 1818.9   96 1818.9
  97 1823.1   98 1823.1   99 1823.1  100 1823.1  101 1823.1  102 1823.1  103 1823.1  104 1823.1
 105 1823.1  106 1823.1  107 1823.1  108 1823.1  109 1823.1  110 1823.1  111 1823.1  112 1823.1
 113 1822.9  114 1822.9  115 1822.9  116 1822.9  117 1822.9  118 1822.9  119 1822.9  120 1822.9
 121 1822.9  122 1822.9  123 1822.9  124 1822.9  125 1822.9  126 1822.9  127 1822.9  128 1822.9
 129 1822.5  130 1822.5  131 1822.5  132 1822.5  133 1822.5  134 1822.5  135 1822.5  136 1822.5
 137 1822.5  138 1822.5  139 1822.5  140 1822.5  141 1822.5  142 1822.5  143 1822.5  144 1822.5
 145 1819.3  146 1819.3  147 1819.3  148 1819.3  149 1819.3  150 1819.3  151 1819.3  152 1819.3
 153 1819.3  154 1819.3  155 1819.3  156 1819.3  157 1819.3  158 1819.3  159 1819.3  160 1819.3
 161 1815.3  162 1815.3  163 1815.3  164 1815.3  165 1815.3  166 1815.3  167 1815.3  168 1815.3
 169 1815.3  170 1815.3  171 1815.3  172 1815.3  173 1815.3  174 1815.3  175 1815.3  176 1815.3
 177 1815.6  178 1815.6  179 1815.6  180 1815.6  181 1815.6  182 1815.6  183 1815.6  184 1815.6
 185 1815.6  186 1815.6  187 1815.6  188 1815.6  189 1815.6  190 1815.6  191 1815.6  192 1815.6
 193 1822.7  194 1822.7  195 1822.7  196 1822.7  197 1822.7  198 1822.7  199 1822.7  200 1822.7
 201 1822.7  202 1822.7  203 1822.7  204 1822.7  205 1822.7  206 1822.7  207 1822.7  208 1822.7
 209 1819.5  210 1819.5  211 1819.5  212 1819.5  213 1819.5  214 1819.5  215 1819.5  216 1819.5
 217 1819.5  218 1819.5  219 1819.5  220 1819.5  221 1819.5  222 1819.5  223 1819.5  224 1819.5
 225 1819.9  226 1819.9  227 1819.9  228 1819.9  229 1819.9  230 1819.9  231 1819.9  232 1819.9
 233 1819.9  234 1819.9  235 1819.9  236 1819.9  237 1819.9  238 1819.9  239 1819.9  240 1819.9
 241 1819.5  242 1819.5  243 1819.5  244 1819.5  245 1819.5  246 1819.5  247 1819.5  248 1819.5
 249 1819.5  250 1819.5  251 1819.5  252 1819.5  253 1819.5  254 1819.5  255 1819.5  256 1819.5
 257 1823.4  258 1823.4  259 1823.4  260 1823.4  261 1823.4  262 1823.4  263 1823.4  264 1823.4
 265 1823.4  266 1823.4  267 1823.4  268 1823.4  269 1823.4  270 1823.4  271 1823.4  272 1823.4
 273 1822.8  274 1822.8  275 1822.8  276 1822.8  277 1822.8  278 1822.8  279 1822.8  280 1822.8
 281 1822.8  282 1822.8  283 1822.8  284 1822.8  285 1822.8  286 1822.8  287 1822.8  288 1822.8
 289 1830.6  290 1830.6  291 1830.6  292 1830.6  293 1830.6  294 1830.6  295 1830.6  296 1830.6
 297 1830.6  298 1830.6  299 1830.6  300 1830.6  301 1830.6  302 1830.6  303 1830.6  304 1830.6
 305 1830.6  306 1830.6  307 1830.6  308 1830.6  309 1830.6  310 1830.6  311 1830.6  312 1830.6
 313 1830.6  314 1830.6  315 1830.6  316 1830.6  317 1830.6  318 1830.6  319 1830.6  320 1830.6
 321 1830.6  322 1830.6  323 1830.6  324 1830.6  325 1830.6  326 1830.6  327 1830.6  328 1830.6
 329 1830.6  330 1830.6  331 1830.6  332 1830.6  333 1830.6  334 1830.6  335 1830.6  336 1830.6
 337 1830.6  338 1830.6  339 1830.6  340 1830.6  341 1830.6  342 1830.6  343 1830.6  344 1830.6
 345 1830.6  346 1830.6  347 1830.6  348 1830.6  349 1830.6  350 1830.6  351 1830.6  352 1830.6
 353 1830.6  354 1830.6  355 1830.6  356 1830.6  357 1830.6  358 1830.6  359 1830.6  360 1830.6
 361 1830.6  362 1830.6  363 1830.6  364 1830.6  365 1830.6  366 1830.6  367 1830.6  368 1830.6
TTD Lookup Table
2.550e-08
647
0.00e+00 0.00e+00 0.00e+00 0.00e+00 0.00e+00 0.00e+00 0.00e+00 0.00e+00 0.00e+00 0.00e+00
0.00e+00 0.00e+00 0.00e+00 0.00e+00 0.00e+00 0.00e+00 0.00e+00 0.00e+00 0.00e+00 0.00e+00
0.00e+00 0.00e+00 0.00e+00 0.00e+00 0.00e+00 0.00e+00 0.00e+00 0.00e+00 0.00e+00 0.00e+00
0.00e+00 0.00e+00 0.00e+00 0.00e+00 0.00e+00 0.00e+00 0.00e+00 0.00e+00 0.00e+00 0.00e+00
0.00e+00 0.00e+00 0.00e+00 0.00e+00 0.00e+00 0.00e+00 0.00e+00 0.00e+00 0.00e+00 0.00e+00
1.57e-03 3.72e-03 6.60e-03 1.05e-02 1.55e-02 2.17e-02 2.93e-02 3.87e-02 4.96e-02 6.23e-02
7.71e-02 9.45e-02 1.14e-01 1.36e-01 1.59e-01 1.85e-01 2.13e-01 2.42e-01 2.74e-01 3.08e-01
3.42e-01 3.78e-01 4.13e-01 4.51e-01 4.89e-01 5.27e-01 5.65e-01 6.06e-01 6.47e-01 6.87e-01
7.28e-01 7.70e-01 8.12e-01 8.54e-01 8.96e-01 9.41e-01 9.84e-01 1.03e+00 1.07e+00 1.11e+00
1.16e+00 1.20e+00 1.25e+00 1.29e+00 1.34e+00 1.38e+00 1.43e+00 1.47e+00 1.52e+00 1.57e+00
1.61e+00 1.66e+00 1.70e+00 1.75e+00 1.79e+00 1.84e+00 1.89e+00 1.93e+00 1.98e+00 2.03e+00
2.07e+00 2.12e+00 2.16e+00 2.21e+00 2.25e+00 2.30e+00 2.34e+00 2.39e+00 2.43e+00 2.48e+00
2.52e+00 2.56e+00 2.60e+00 2.65e+00 2.69e+00 2.73e+00 2.77e+00 2.81e+00 2.84e+00 2.88e+00
2.92e+00 2.95e+00 2.99e+00 3.02e+00 3.06e+00 3.09e+00 3.12e+00 3.15e+00 3.18e+00 3.21e+00
3.24e+00 3.27e+00 3.30e+00 3.33e+00 3.36e+00 3.39e+00 3.41e+00 3.44e+00 3.47e+00 3.50e+00
3.53e+00 3.55e+00 3.58e+00 3.61e+00 3.64e+00 3.67e+00 3.69e+00 3.72e+00 3.75e+00 3.77e+00
3.80e+00 3.83e+00 3.86e+00 3.88e+00 3.91e+00 3.94e+00 3.96e+00 3.99e+00 4.01e+00 4.04e+00
4.07e+00 4.09e+00 4.12e+00 4.14e+00 4.17e+00 4.20e+00 4.22e+00 4.25e+00 4.27e+00 4.30e+00
4.32e+00 4.35e+00 4.37e+00 4.40e+00 4.42e+00 4.45e+00 4.47e+00 4.50e+00 4.52e+00 4.55e+00
4.57e+00 4.60e+00 4.62e+00 4.64e+00 4.67e+00 4.69e+00 4.72e+00 4.74e+00 4.77e+00 4.79e+00
4.81e+00 4.84e+00 4.86e+00 4.89e+00 4.91e+00 4.94e+00 4.96e+00 4.99e+00 5.01e+00 5.03e+00
5.06e+00 5.08e+00 5.11e+00 5.13e+00 5.15e+00 5.18e+00 5.20e+00 5.23e+00 5.25e+00 5.27e+00
5.30e+00 5.32e+00 5.35e+00 5.37e+00 5.39e+00 5.42e+00 5.44e+00 5.47e+00 5.49e+00 5.51e+00
5.54e+00 5.56e+00 5.58e+00 5.61e+00 5.63e+00 5.65e+00 5.68e+00 5.70e+00 5.72e+00 5.75e+00
5.77e+00 5.79e+00 5.82e+00 5.84e+00 5.86e+00 5.89e+00 5.91e+00 5.93e+00 5.96e+00 5.98e+00
6.00e+00 6.03e+00 6.05e+00 6.08e+00 6.10e+00 6.12e+00 6.15e+00 6.17e+00 6.19e+00 6.22e+00
6.24e+00 6.27e+00 6.29e+00 6.31e+00 6.34e+00 6.36e+00 6.39e+00 6.41e+00 6.43e+00 6.46e+00
6.48e+00 6.50e+00 6.53e+00 6.55e+00 6.58e+00 6.60e+00 6.62e+00 6.65e+00 6.68e+00 6.70e+00
6.72e+00 6.75e+00 6.77e+00 6.79e+00 6.82e+00 6.84e+00 6.87e+00 6.89e+00 6.91e+00 6.94e+00
6.96e+00 6.99e+00 7.01e+00 7.03e+00 7.06e+00 7.08e+00 7.11e+00 7.13e+00 7.15e+00 7.18e+00
7.20e+00 7.23e+00 7.25e+00 7.27e+00 7.30e+00 7.32e+00 7.35e+00 7.37e+00 7.39e+00 7.42e+00
7.44e+00 7.47e+00 7.49e+00 7.51e+00 7.54e+00 7.56e+00 7.58e+00 7.61e+00 7.63e+00 7.66e+00
7.68e+00 7.70e+00 7.73e+00 7.75e+00 7.78e+00 7.80e+00 7.82e+00 7.85e+00 7.87e+00 7.89e+00
7.92e+00 7.94e+00 7.96e+00 7.99e+00 8.01e+00 8.04e+00 8.06e+00 8.08e+00 8.11e+00 8.13e+00
8.15e+00 8.18e+00 8.20e+00 8.23e+00 8.25e+00 8.27e+00 8.30e+00 8.32e+00 8.34e+00 8.37e+00
8.39e+00 8.41e+00 8.44e+00 8.46e+00 8.49e+00 8.51e+00 8.53e+00 8.56e+00 8.58e+00 8.60e+00
8.63e+00 8.65e+00 8.67e+00 8.70e+00 8.72e+00 8.75e+00 8.77e+00 8.79e+00 8.81e+00 8.84e+00
8.86e+00 8.89e+00 8.91e+00 8.93e+00 8.96e+00 8.98e+00 9.00e+00 9.03e+00 9.05e+00 9.07e+00
9.10e+00 9.12e+00 9.14e+00 9.17e+00 9.19e+00 9.21e+00 9.24e+00 9.26e+00 9.28e+00 9.31e+00
9.33e+00 9.36e+00 9.38e+00 9.40e+00 9.43e+00 9.45e+00 9.47e+00 9.50e+00 9.52e+00 9.54e+00
9.57e+00 9.59e+00 9.61e+00 9.64e+00 9.66e+00 9.68e+00 9.71e+00 9.73e+00 9.75e+00 9.78e+00
9.80e+00 9.82e+00 9.85e+00 9.87e+00 9.89e+00 9.92e+00 9.94e+00 9.96e+00 9.99e+00 1.00e+01
1.00e+01 1.01e+01 1.01e+01 1.01e+01 1.01e+01 1.02e+01 1.02e+01 1.02e+01 1.02e+01 1.02e+01
1.03e+01 1.03e+01 1.03e+01 1.03e+01 1.04e+01 1.04e+01 1.04e+01 1.04e+01 1.05e+01 1.05e+01
1.05e+01 1.05e+01 1.05e+01 1.06e+01 1.06e+01 1.06e+01 1.06e+01 1.07e+01 1.07e+01 1.07e+01
1.07e+01 1.08e+01 1.08e+01 1.08e+01 1.08e+01 1.09e+01 1.09e+01 1.09e+01 1.09e+01 1.09e+01
1.10e+01 1.10e+01 1.10e+01 1.10e+01 1.11e+01 1.11e+01 1.11e+01 1.11e+01 1.12e+01 1.12e+01
1.12e+01 1.12e+01 1.12e+01 1.13e+01 1.13e+01 1.13e+01 1.13e+01 1.14e+01 1.14e+01 1.14e+01
1.14e+01 1.15e+01 1.15e+01 1.15e+01 1.15e+01 1.15e+01 1.16e+01 1.16e+01 1.16e+01 1.16e+01
1.17e+01 1.17e+01 1.17e+01 1.17e+01 1.18e+01 1.18e+01 1.18e+01 1.18e+01 1.19e+01 1.19e+01
1.19e+01 1.19e+01 1.19e+01 1.20e+01 1.20e+01 1.20e+01 1.20e+01 1.21e+01 1.21e+01 1.21e+01
1.21e+01 1.22e+01 1.22e+01 1.22e+01 1.22e+01 1.22e+01 1.23e+01 1.23e+01 1.23e+01 1.23e+01
1.24e+01 1.24e+01 1.24e+01 1.24e+01 1.25e+01 1.25e+01 1.25e+01 1.25e+01 1.25e+01 1.26e+01
1.26e+01 1.26e+01 1.26e+01 1.27e+01 1.27e+01 1.27e+01 1.27e+01 1.28e+01 1.28e+01 1.28e+01
1.28e+01 1.28e+01 1.29e+01 1.29e+01 1.29e+01 1.29e+01 1.30e+01 1.30e+01 1.30e+01 1.30e+01
1.31e+01 1.31e+01 1.31e+01 1.31e+01 1.31e+01 1.32e+01 1.32e+01 1.32e+01 1.32e+01 1.33e+01
1.33e+01 1.33e+01 1.33e+01 1.34e+01 1.34e+01 1.34e+01 1.34e+01 1.34e+01 1.35e+01 1.35e+01
1.35e+01 1.35e+01 1.36e+01 1.36e+01 1.36e+01 1.36e+01 1.37e+01 1.37e+01 1.37e+01 1.37e+01
1.37e+01 1.38e+01 1.38e+01 1.38e+01 1.38e+01 1.39e+01 1.39e+01 1.39e+01 1.39e+01 1.40e+01
1.40e+01 1.40e+01 1.40e+01 1.40e+01 1.41e+01 1.41e+01 1.41e+01 1.41e+01 1.42e+01 1.42e+01
1.42e+01 1.42e+01 1.42e+01 1.43e+01 1.43e+01 1.43e+01 1.43e+01 1.43e+01 1.44e+01 1.44e+01
1.44e+01 1.44e+01 1.45e+01 1.45e+01 1.45e+01 1.45e+01 1.45e+01 1.45e+01 1.46e+01 1.46e+01
1.46e+01 1.46e+01 1.46e+01 1.47e+01 1.47e+01 1.47e+01 1.47e+01 1.47e+01 1.47e+01 1.48e+01
1.48e+01 1.48e+01 1.48e+01 1.48e+01 1.48e+01 1.48e+01 1.49e+01 1.49e+01 1.49e+01 1.49e+01
1.49e+01 1.49e+01 1.49e+01 1.49e+01 1.49e+01 1.50e+01 1.50e+01 1.51e+01 1.51e+01 1.51e+01
1.51e+01 1.51e+01 1.51e+01 1.51e+01 1.51e+01 1.51e+01 1.51e+01 1.51e+01 1.51e+01 1.51e+01
1.51e+01 1.51e+01 1.51e+01 1.51e+01 1.51e+01 1.51e+01 1.51e+01 1.51e+01 1.51e+01 1.51e+01
1.51e+01 1.51e+01 1.51e+01 1.51e+01 1.51e+01 1.51e+01 1.51e+01 1.51e+01 1.51e+01 1.51e+01
1.51e+01 1.51e+01 1.51e+01 1.51e+01 1.51e+01 1.51e+01 1.51e+01 1.51e+01 1.51e+01 1.51e+01
1.51e+01 1.51e+01 1.51e+01 1.51e+01 1.51e+01 1.51e+01 1.51e+01 1.51e+01 1.51e+01 1.51e+01
1.51e+01 1.51e+01 1.51e+01 1.51e+01 1.51e+01 1.51e+01 1.51e+01 1.51e+01 1.51e+01 1.51e+01
1.51e+01 1.51e+01 1.51e+01 1.51e+01 1.51e+01 1.51e+01 1.51e+01 1.51e+01 1.51e+01 1.51e+01
1.51e+01 1.51e+01 1.51e+01 1.51e+01 1.51e+01 1.51e+01 1.51e+01 1.51e+01 1.51e+01 1.51e+01
1.51e+01 1.51e+01 1.51e+01 1.51e+01 1.51e+01 1.51e+01 1.51e+01 1.51e+01 1.51e+01 1.51e+01
1.51e+01 1.51e+01 1.51e+01 1.51e+01 1.51e+01 1.51e+01 1.51e+01 1.51e+01 1.51e+01 1.51e+01
1.51e+01 1.51e+01 1.51e+01 1.51e+01 1.51e+01 1.51e+01 1.51e+01 1.51e+01 1.51e+01 1.51e+01
1.51e+01 1.51e+01 1.51e+01 1.51e+01 1.51e+01 1.51e+01 1.51e+01 1.51e+01 1.51e+01 1.51e+01
1.51e+01 1.51e+01 1.51e+01 1.51e+01 1.51e+01 1.51e+01 1.51e+01 1.51e+01 1.51e+01 1.51e+01
1.51e+01 1.51e+01 1.51e+01 1.51e+01 1.51e+01 1.51e+01 1.51e+01 1.51e+01 1.51e+01 1.51e+01
1.51e+01 1.51e+01 1.51e+01 1.51e+01 1.51e+01 1.51e+01 1.51e+01 1.51e+01 7.99e-44
[ R.vdc.u2 ]
1      12       0          95              U2: u2cr1, u2sl1, u2cf1, u2cl1
1      13       0          95              ~~~ u2cr2, u2sl2, u2cf2, u2cl2
1      14       0          95                  u2cr3, u2sl3, u2cf3, u2cl3
1      15       0          79                  u2cr4, u2sl4, u2cf4, u2cl4
0.3327 1.02793  -0.0042426 -45.0               z, wbeg, wspac,, wangle (m)
4.953e4                                        Drift velocity (m/s)
TDC Offset Values
   1 1824.2    2 1824.2    3 1824.2    4 1824.2    5 1824.2    6 1824.2    7 1824.2    8 1824.2
   9 1824.2   10 1824.2   11 1824.2   12 1824.2   13 1824.2   14 1824.2   15 1824.2   16 1824.2
  17 1824.2   18 1824.2   19 1824.2   20 1824.2   21 1824.2   22 1824.2   23 1824.2   24 1824.2
  25 1824.2   26 1824.2   27 1824.2   28 1824.2   29 1824.2   30 1824.2   31 1824.2   32 1824.2
  33 1824.6   34 1824.6   35 1824.6   36 1824.6   37 1824.6   38 1824.6   39 1824.6   40 1824.6
  41 1824.6   42 1824.6   43 1824.6   44 1824.6   45 1824.6   46 1824.6   47 1824.6   48 1824.6
  49 1823.6   50 1823.6   51 1823.6   52 1823.6   53 1823.6   54 1823.6   55 1823.6   56 1823.6
  57 1823.6   58 1823.6   59 1823.6   60 1823.6   61 1823.6   62 1823.6   63 1823.6   64 1823.6
  65 1820.7   66 1820.7   67 1820.7   68 1820.7   69 1820.7   70 1820.7   71 1820.7   72 1820.7
  73 1820.7   74 1820.7   75 1820.7   76 1820.7   77 1820.7   78 1820.7   79 1820.7   80 1820.7
  81 1820.0   82 1820.0   83 1820.0   84 1820.0   85 1820.0   86 1820.0   87 1820.0   88 1820.0
  89 1820.0   90 1820.0   91 1820.0   92 1820.0   93 1820.0   94 1820.0   95 1820.0   96 1820.0
  97 1828.1   98 1828.1   99 1828.1  100 1828.1  101 1828.1  102 1828.1  103 1828.1  104 1828.1
 105 1828.1  106 1828.1  107 1828.1  108 1828.1  109 1828.1  110 1828.1  111 1828.1  112 1828.1
 113 1824.7  114 1824.7  115 1824.7  116 1824.7  117 1824.7  118 1824.7  119 1824.7  120 1824.7
 121 1824.7  122 1824.7  123 1824.7  124 1824.7  125 1824.7  126 1824.7  127 1824.7  128 1824.7
 129 1824.5  130 1824.5  131 1824.5  132 1824.5  133 1824.5  134 1824.5  135 1824.5  136 1824.5
 137 1824.5  138 1824.5  139 1824.5  140 1824.5  141 1824.5  142 1824.5  143 1824.5  144 1824.5
 145 1820.9  146 1820.9  147 1820.9  148 1820.9  149 1820.9  150 1820.9  151 1820.9  152 1820.9
 153 1820.9  154 1820.9  155 1820.9  156 1820.9  157 1820.9  158 1820.9  159 1820.9  160 1820.9
 161 1819.8  162 1819.8  163 1819.8  164 1819.8  165 1819.8  166 1819.8  167 1819.8  168 1819.8
 169 1819.8  170 1819.8  171 1819.8  172 1819.8  173 1819.8  174 1819.8  175 1819.8  176 1819.8
 177 1820.1  178 1820.1  179 1820.1  180 1820.1  181 1820.1  182 1820.1  183 1820.1  184 1820.1
 185 1820.1  186 1820.1  187 1820.1  188 1820.1  189 1820.1  190 1820.1  191 1820.1  192 1820.1
 193 1823.8  194 1823.8  195 1823.8  196 1823.8  197 1823.8  198 1823.8  199 1823.8  200 1823.8
 201 1823.8  202 1823.8  203 1823.8  204 1823.8  205 1823.8  206 1823.8  207 1823.8  208 1823.8
 209 1823.9  210 1823.9  211 1823.9  212 1823.9  213 1823.9  214 1823.9  215 1823.9  216 1823.9
 217 1823.9  218 1823.9  219 1823.9  220 1823.9  221 1823.9  222 1823.9  223 1823.9  224 1823.9
 225 1821.2  226 1821.2  227 1821.2  228 1821.2  229 1821.2  230 1821.2  231 1821.2  232 1821.2
 233 1821.2  234 1821.2  235 1821.2  236 1821.2  237 1821.2  238 1821.2  239 1821.2  240 1821.2
 241 1823.5  242 1823.5  243 1823.5  244 1823.5  245 1823.5  246 1823.5  247 1823.5  248 1823.5
 249 1823.5  250 1823.5  251 1823.5  252 1823.5  253 1823.5  254 1823.5  255 1823.5  256 1823.5
 257 1828.2  258 1828.2  259 1828.2  260 1828.2  261 1828.2  262 1828.2  263 1828.2  264 1828.2
 265 1828.2  266 1828.2  267 1828.2  268 1828.2  269 1828.2  270 1828.2  271 1828.2  272 1828.2
 273 1831.7  274 1831.7  275 1831.7  276 1831.7  277 1831.7  278 1831.7  279 1831.7  280 1831.7
 281 1831.7  282 1831.7  283 1831.7  284 1831.7  285 1831.7  286 1831.7  287 1831.7  288 1831.7
 289 1832.2  290 1832.2  291 1832.2  292 1832.2  293 1832.2  294 1832.2  295 1832.2  296 1832.2
 297 1832.2  298 1832.2  299 1832.2  300 1832.2  301 1832.2  302 1832.2  303 1832.2  304 1832.2
 305 1832.2  306 1832.2  307 1832.2  308 1832.2  309 1832.2  310 1832.2  311 1832.2  312 1832.2
 313 1832.2  314 1832.2  315 1832.2  316 1832.2  317 1832.2  318 1832.2  319 1832.2  320 1832.2
 321 1832.2  322 1832.2  323 1832.2  324 1832.2  325 1832.2  326 1832.2  327 1832.2  328 1832.2
 329 1832.2  330 1832.2  331 1832.2  332 1832.2  333 1832.2  334 1832.2  335 1832.2  336 1832.2
 337 1832.2  338 1832.2  339 1832.2  340 1832.2  341 1832.2  342 1832.2  343 1832.2  344 1832.2
 345 1832.2  346 1832.2  347 1832.2  348 1832.2  349 1832.2  350 1832.2  351 1832.2  352 1832.2
 353 1832.2  354 1832.2  355 1832.2  356 1832.2  357 1832.2  358 1832.2  359 1832.2  360 1832.2
 361 1832.2  362 1832.2  363 1832.2  364 1832.2  365 1832.2  366 1832.2  367 1832.2  368 1832.2
TTD Lookup Table
2.800e-08
642
0.00e+00 0.00e+00 0.00e+00 0.00e+00 0.00e+00 0.00e+00 0.00e+00 0.00e+00 0.00e+00 0.00e+00
0.00e+00 0.00e+00 0.00e+00 0.00e+00 0.00e+00 0.00e+00 0.00e+00 0.00e+00 0.00e+00 0.00e+00
0.00e+00 0.00e+00 0.00e+00 0.00e+00 0.00e+00 0.00e+00 0.00e+00 0.00e+00 0.00e+00 0.00e+00
0.00e+00 0.00e+00 0.00e+00 0.00e+00 0.00e+00 0.00e+00 0.00e+00 0.00e+00 0.00e+00 0.00e+00
0.00e+00 0.00e+00 0.00e+00 0.00e+00 0.00e+00 0.00e+00 0.00e+00 0.00e+00 0.00e+00 0.00e+00
0.00e+00 0.00e+00 0.00e+00 0.00e+00 0.00e+00 2.10e-03 4.91e-03 8.89e-03 1.45e-02 2.13e-02
3.02e-02 4.15e-02 5.54e-02 7.13e-02 8.95e-02 1.11e-01 1.35e-01 1.60e-01 1.92e-01 2.23e-01
2.55e-01 2.88e-01 3.23e-01 3.60e-01 3.98e-01 4.36e-01 4.74e-01 5.15e-01 5.55e-01 5.96e-01
6.37e-01 6.81e-01 7.23e-01 7.66e-01 8.09e-01 8.54e-01 8.98e-01 9.43e-01 9.87e-01 1.03e+00
1.08e+00 1.12e+00 1.17e+00 1.22e+00 1.26e+00 1.31e+00 1.35e+00 1.40e+00 1.45e+00 1.50e+00
1.54e+00 1.59e+00 1.64e+00 1.68e+00 1.73e+00 1.78e+00 1.83e+00 1.87e+00 1.92e+00 1.97e+00
2.01e+00 2.06e+00 2.11e+00 2.16e+00 2.20e+00 2.25e+00 2.29e+00 2.34e+00 2.39e+00 2.43e+00
2.47e+00 2.52e+00 2.56e+00 2.61e+00 2.65e+00 2.69e+00 2.73e+00 2.77e+00 2.81e+00 2.85e+00
2.89e+00 2.93e+00 2.96e+00 3.00e+00 3.03e+00 3.07e+00 3.10e+00 3.13e+00 3.16e+00 3.19e+00
3.22e+00 3.25e+00 3.28e+00 3.31e+00 3.33e+00 3.36e+00 3.39e+00 3.42e+00 3.45e+00 3.48e+00
3.51e+00 3.54e+00 3.57e+00 3.60e+00 3.62e+00 3.65e+00 3.68e+00 3.71e+00 3.74e+00 3.77e+00
3.79e+00 3.82e+00 3.85e+00 3.88e+00 3.91e+00 3.94e+00 3.96e+00 3.99e+00 4.02e+00 4.05e+00
4.07e+00 4.10e+00 4.12e+00 4.15e+00 4.18e+00 4.21e+00 4.23e+00 4.26e+00 4.29e+00 4.31e+00
4.34e+00 4.36e+00 4.39e+00 4.42e+00 4.44e+00 4.47e+00 4.49e+00 4.52e+00 4.55e+00 4.57e+00
4.60e+00 4.62e+00 4.65e+00 4.67e+00 4.70e+00 4.72e+00 4.75e+00 4.78e+00 4.80e+00 4.83e+00
4.85e+00 4.88e+00 4.90e+00 4.93e+00 4.95e+00 4.98e+00 5.00e+00 5.03e+00 5.05e+00 5.08e+00
5.10e+00 5.13e+00 5.15e+00 5.18e+00 5.20e+00 5.23e+00 5.25e+00 5.28e+00 5.30e+00 5.33e+00
5.35e+00 5.38e+00 5.40e+00 5.43e+00 5.45e+00 5.48e+00 5.50e+00 5.52e+00 5.55e+00 5.57e+00
5.60e+00 5.62e+00 5.65e+00 5.67e+00 5.69e+00 5.72e+00 5.74e+00 5.77e+00 5.79e+00 5.82e+00
5.84e+00 5.86e+00 5.89e+00 5.91e+00 5.94e+00 5.96e+00 5.99e+00 6.01e+00 6.03e+00 6.06e+00
6.08e+00 6.11e+00 6.13e+00 6.16e+00 6.18e+00 6.21e+00 6.23e+00 6.26e+00 6.28e+00 6.30e+00
6.33e+00 6.35e+00 6.38e+00 6.40e+00 6.43e+00 6.45e+00 6.48e+00 6.50e+00 6.53e+00 6.55e+00
6.58e+00 6.60e+00 6.62e+00 6.65e+00 6.68e+00 6.70e+00 6.72e+00 6.75e+00 6.78e+00 6.80e+00
6.82e+00 6.85e+00 6.87e+00 6.90e+00 6.92e+00 6.95e+00 6.97e+00 7.00e+00 7.02e+00 7.05e+00
7.07e+00 7.10e+00 7.12e+00 7.15e+00 7.17e+00 7.20e+00 7.22e+00 7.25e+00 7.27e+00 7.30e+00
7.32e+00 7.35e+00 7.37e+00 7.40e+00 7.42e+00 7.45e+00 7.47e+00 7.50e+00 7.52e+00 7.55e+00
7.57e+00 7.60e+00 7.62e+00 7.64e+00 7.67e+00 7.69e+00 7.72e+00 7.74e+00 7.77e+00 7.79e+00
7.82e+00 7.84e+00 7.87e+00 7.89e+00 7.92e+00 7.94e+00 7.97e+00 7.99e+00 8.01e+00 8.04e+00
8.06e+00 8.09e+00 8.11e+00 8.14e+00 8.16e+00 8.19e+00 8.21e+00 8.23e+00 8.26e+00 8.28e+00
8.31e+00 8.33e+00 8.36e+00 8.38e+00 8.40e+00 8.43e+00 8.45e+00 8.48e+00 8.51e+00 8.53e+00
8.56e+00 8.58e+00 8.60e+00 8.63e+00 8.65e+00 8.68e+00 8.70e+00 8.73e+00 8.75e+00 8.77e+00
8.80e+00 8.82e+00 8.85e+00 8.87e+00 8.90e+00 8.92e+00 8.94e+00 8.97e+00 8.99e+00 9.02e+00
9.04e+00 9.07e+00 9.09e+00 9.11e+00 9.14e+00 9.16e+00 9.19e+00 9.21e+00 9.24e+00 9.26e+00
9.28e+00 9.31e+00 9.33e+00 9.36e+00 9.38e+00 9.41e+00 9.43e+00 9.45e+00 9.48e+00 9.50e+00
9.53e+00 9.55e+00 9.57e+00 9.60e+00 9.62e+00 9.65e+00 9.67e+00 9.70e+00 9.72e+00 9.75e+00
9.77e+00 9.79e+00 9.82e+00 9.84e+00 9.87e+00 9.89e+00 9.91e+00 9.94e+00 9.96e+00 9.99e+00
1.00e+01 1.00e+01 1.01e+01 1.01e+01 1.01e+01 1.01e+01 1.02e+01 1.02e+01 1.02e+01 1.02e+01
1.03e+01 1.03e+01 1.03e+01 1.03e+01 1.04e+01 1.04e+01 1.04e+01 1.04e+01 1.05e+01 1.05e+01
1.05e+01 1.05e+01 1.05e+01 1.06e+01 1.06e+01 1.06e+01 1.06e+01 1.07e+01 1.07e+01 1.07e+01
1.07e+01 1.08e+01 1.08e+01 1.08e+01 1.08e+01 1.09e+01 1.09e+01 1.09e+01 1.09e+01 1.10e+01
1.10e+01 1.10e+01 1.10e+01 1.11e+01 1.11e+01 1.11e+01 1.11e+01 1.11e+01 1.12e+01 1.12e+01
1.12e+01 1.12e+01 1.13e+01 1.13e+01 1.13e+01 1.13e+01 1.14e+01 1.14e+01 1.14e+01 1.14e+01
1.15e+01 1.15e+01 1.15e+01 1.15e+01 1.16e+01 1.16e+01 1.16e+01 1.16e+01 1.17e+01 1.17e+01
1.17e+01 1.17e+01 1.17e+01 1.18e+01 1.18e+01 1.18e+01 1.18e+01 1.19e+01 1.19e+01 1.19e+01
1.19e+01 1.20e+01 1.20e+01 1.20e+01 1.20e+01 1.21e+01 1.21e+01 1.21e+01 1.21e+01 1.22e+01
1.22e+01 1.22e+01 1.22e+01 1.23e+01 1.23e+01 1.23e+01 1.23e+01 1.24e+01 1.24e+01 1.24e+01
1.24e+01 1.24e+01 1.25e+01 1.25e+01 1.25e+01 1.25e+01 1.26e+01 1.26e+01 1.26e+01 1.26e+01
1.27e+01 1.27e+01 1.27e+01 1.27e+01 1.28e+01 1.28e+01 1.28e+01 1.28e+01 1.29e+01 1.29e+01
1.29e+01 1.29e+01 1.29e+01 1.30e+01 1.30e+01 1.30e+01 1.30e+01 1.31e+01 1.31e+01 1.31e+01
1.31e+01 1.32e+01 1.32e+01 1.32e+01 1.32e+01 1.33e+01 1.33e+01 1.33e+01 1.33e+01 1.34e+01
1.34e+01 1.34e+01 1.34e+01 1.34e+01 1.35e+01 1.35e+01 1.35e+01 1.35e+01 1.36e+01 1.36e+01
1.36e+01 1.36e+01 1.37e+01 1.37e+01 1.37e+01 1.37e+01 1.38e+01 1.38e+01 1.38e+01 1.38e+01
1.39e+01 1.39e+01 1.39e+01 1.39e+01 1.39e+01 1.40e+01 1.40e+01 1.40e+01 1.40e+01 1.41e+01
1.41e+01 1.41e+01 1.41e+01 1.42e+01 1.42e+01 1.42e+01 1.42e+01 1.43e+01 1.43e+01 1.43e+01
1.43e+01 1.43e+01 1.44e+01 1.44e+01 1.44e+01 1.44e+01 1.45e+01 1.45e+01 1.45e+01 1.45e+01
1.45e+01 1.46e+01 1.46e+01 1.46e+01 1.46e+01 1.46e+01 1.47e+01 1.47e+01 1.47e+01 1.47e+01
1.47e+01 1.47e+01 1.48e+01 1.48e+01 1.48e+01 1.48e+01 1.48e+01 1.48e+01 1.48e+01 1.49e+01
1.49e+01 1.49e+01 1.49e+01 1.49e+01 1.49e+01 1.49e+01 1.49e+01 1.50e+01 1.50e+01 1.50e+01
1.50e+01 1.50e+01 1.50e+01 1.50e+01 1.50e+01 1.50e+01 1.50e+01 1.50e+01 1.50e+01 1.50e+01
1.50e+01 1.51e+01 1.51e+01 1.51e+01 1.51e+01 1.51e+01 1.51e+01 1.51e+01 1.51e+01 1.51e+01
1.51e+01 1.51e+01 1.51e+01 1.51e+01 1.51e+01 1.51e+01 1.51e+01 1.51e+01 1.51e+01 1.51e+01
1.51e+01 1.51e+01 1.51e+01 1.51e+01 1.51e+01 1.51e+01 1.51e+01 1.51e+01 1.51e+01 1.51e+01
1.51e+01 1.51e+01 1.51e+01 1.51e+01 1.51e+01 1.51e+01 1.51e+01 1.51e+01 1.51e+01 1.51e+01
1.51e+01 1.51e+01 1.51e+01 1.51e+01 1.51e+01 1.51e+01 1.51e+01 1.51e+01 1.51e+01 1.51e+01
1.51e+01 1.51e+01 1.51e+01 1.51e+01 1.51e+01 1.51e+01 1.51e+01 1.51e+01 1.51e+01 1.51e+01
1.51e+01 1.51e+01 1.51e+01 1.51e+01 1.51e+01 1.51e+01 1.51e+01 1.51e+01 1.51e+01 1.51e+01
1.51e+01 1.51e+01 1.51e+01 1.51e+01 1.51e+01 1.51e+01 1.51e+01 1.51e+01 1.51e+01 1.51e+01
1.51e+01 1.51e+01 1.51e+01 1.51e+01 1.51e+01 1.51e+01 1.51e+01 1.51e+01 1.51e+01 1.51e+01
1.51e+01 1.51e+01 1.51e+01 1.51e+01 1.51e+01 1.51e+01 1.51e+01 1.51e+01 1.51e+01 1.51e+01
1.51e+01 1.51e+01 1.51e+01 1.51e+01 1.51e+01 1.51e+01 1.51e+01 1.51e+01 1.51e+01 1.51e+01
1.51e+01 1.51e+01 1.51e+01 1.51e+01 1.51e+01 1.51e+01 1.51e+01 1.51e+01 1.51e+01 1.51e+01
1.51e+01 1.51e+01 1.51e+01 1.51e+01 1.51e+01 1.51e+01 1.51e+01 1.51e+01 1.51e+01 1.51e+01
1.51e+01 1.51e+01 1.51e+01 1.51e+01 1.51e+01 1.51e+01 1.51e+01 1.51e+01 1.51e+01 1.51e+01
1.51e+01 1.51e+01 1.51e+01 1.51e+01 1.51e+01 1.51e+01 1.51e+01 1.51e+01 1.51e+01 1.51e+01
1.51e+01 1.51e+01 1.51e+01 1.51e+01 1.51e+01 1.51e+01 1.51e+01 1.51e+01 7.99e-44
[ R.vdc.v2 ]
1      16       0         95               V2: v2cr1, v2sl1, v2cf1, v2cl1
1      17       0         95               ~~~ v2cr2, v2sl2, v2cf2, v2cl
1      18       0         95                   v2cr3, v2sl3, v2cf3, v2cl3
1      19       0         79                   v2cr4, v2sl4, v2cf4, v2cl4
0.3587 1.02793 -0.0042426 45.0                 z, wbeg, wspac, wangle (m)   
4.948e4                                        Drift velocity (m/s)
TDC Offset Values
   1 1826.7    2 1826.7    3 1826.7    4 1826.7    5 1826.7    6 1826.7    7 1826.7    8 1826.7
   9 1826.7   10 1826.7   11 1826.7   12 1826.7   13 1826.7   14 1826.7   15 1826.7   16 1826.7
  17 1826.7   18 1826.7   19 1826.7   20 1826.7   21 1826.7   22 1826.7   23 1826.7   24 1826.7
  25 1826.7   26 1826.7   27 1826.7   28 1826.7   29 1826.7   30 1826.7   31 1826.7   32 1826.7
  33 1826.3   34 1826.3   35 1826.3   36 1826.3   37 1826.3   38 1826.3   39 1826.3   40 1826.3
  41 1826.3   42 1826.3   43 1826.3   44 1826.3   45 1826.3   46 1826.3   47 1826.3   48 1826.3
  49 1826.4   50 1826.4   51 1826.4   52 1826.4   53 1826.4   54 1826.4   55 1826.4   56 1826.4
  57 1826.4   58 1826.4   59 1826.4   60 1826.4   61 1826.4   62 1826.4   63 1826.4   64 1826.4
  65 1826.6   66 1826.6   67 1826.6   68 1826.6   69 1826.6   70 1826.6   71 1826.6   72 1826.6
  73 1826.6   74 1826.6   75 1826.6   76 1826.6   77 1826.6   78 1826.6   79 1826.6   80 1826.6
  81 1822.7   82 1822.7   83 1822.7   84 1822.7   85 1822.7   86 1822.7   87 1822.7   88 1822.7
  89 1822.7   90 1822.7   91 1822.7   92 1822.7   93 1822.7   94 1822.7   95 1822.7   96 1822.7
  97 1829.6   98 1829.6   99 1829.6  100 1829.6  101 1829.6  102 1829.6  103 1829.6  104 1829.6
 105 1829.6  106 1829.6  107 1829.6  108 1829.6  109 1829.6  110 1829.6  111 1829.6  112 1829.6
 113 1826.1  114 1826.1  115 1826.1  116 1826.1  117 1826.1  118 1826.1  119 1826.1  120 1826.1
 121 1826.1  122 1826.1  123 1826.1  124 1826.1  125 1826.1  126 1826.1  127 1826.1  128 1826.1
 129 1826.1  130 1826.1  131 1826.1  132 1826.1  133 1826.1  134 1826.1  135 1826.1  136 1826.1
 137 1826.1  138 1826.1  139 1826.1  140 1826.1  141 1826.1  142 1826.1  143 1826.1  144 1826.1
 145 1822.8  146 1822.8  147 1822.8  148 1822.8  149 1822.8  150 1822.8  151 1822.8  152 1822.8
 153 1822.8  154 1822.8  155 1822.8  156 1822.8  157 1822.8  158 1822.8  159 1822.8  160 1822.8
 161 1822.6  162 1822.6  163 1822.6  164 1822.6  165 1822.6  166 1822.6  167 1822.6  168 1822.6
 169 1822.6  170 1822.6  171 1822.6  172 1822.6  173 1822.6  174 1822.6  175 1822.6  176 1822.6
 177 1818.6  178 1818.6  179 1818.6  180 1818.6  181 1818.6  182 1818.6  183 1818.6  184 1818.6
 185 1818.6  186 1818.6  187 1818.6  188 1818.6  189 1818.6  190 1818.6  191 1818.6  192 1818.6
 193 1825.9  194 1825.9  195 1825.9  196 1825.9  197 1825.9  198 1825.9  199 1825.9  200 1825.9
 201 1825.9  202 1825.9  203 1825.9  204 1825.9  205 1825.9  206 1825.9  207 1825.9  208 1825.9
 209 1826.0  210 1826.0  211 1826.0  212 1826.0  213 1826.0  214 1826.0  215 1826.0  216 1826.0
 217 1826.0  218 1826.0  219 1826.0  220 1826.0  221 1826.0  222 1826.0  223 1826.0  224 1826.0
 225 1826.7  226 1826.7  227 1826.7  228 1826.7  229 1826.7  230 1826.7  231 1826.7  232 1826.7
 233 1826.7  234 1826.7  235 1826.7  236 1826.7  237 1826.7  238 1826.7  239 1826.7  240 1826.7
 241 1825.7  242 1825.7  243 1825.7  244 1825.7  245 1825.7  246 1825.7  247 1825.7  248 1825.7
 249 1825.7  250 1825.7  251 1825.7  252 1825.7  253 1825.7  254 1825.7  255 1825.7  256 1825.7
 257 1826.4  258 1826.4  259 1826.4  260 1826.4  261 1826.4  262 1826.4  263 1826.4  264 1826.4
 265 1826.4  266 1826.4  267 1826.4  268 1826.4  269 1826.4  270 1826.4  271 1826.4  272 1826.4
 273 1826.7  274 1826.7  275 1826.7  276 1826.7  277 1826.7  278 1826.7  279 1826.7  280 1826.7
 281 1826.7  282 1826.7  283 1826.7  284 1826.7  285 1826.7  286 1826.7  287 1826.7  288 1826.7
 289 1837.6  290 1837.6  291 1837.6  292 1837.6  293 1837.6  294 1837.6  295 1837.6  296 1837.6
 297 1837.6  298 1837.6  299 1837.6  300 1837.6  301 1837.6  302 1837.6  303 1837.6  304 1837.6
 305 1828.1  306 1828.1  307 1828.1  308 1828.1  309 1828.1  310 1828.1  311 1828.1  312 1828.1
 313 1828.1  314 1828.1  315 1828.1  316 1828.1  317 1828.1  318 1828.1  319 1828.1  320 1828.1
 321 1828.1  322 1828.1  323 1828.1  324 1828.1  325 1828.1  326 1828.1  327 1828.1  328 1828.1
 329 1828.1  330 1828.1  331 1828.1  332 1828.1  333 1828.1  334 1828.1  335 1828.1  336 1828.1
 337 1828.1  338 1828.1  339 1828.1  340 1828.1  341 1828.1  342 1828.1  343 1828.1  344 1828.1
 345 1828.1  346 1828.1  347 1828.1  348 1828.1  349 1828.1  350 1828.1  351 1828.1  352 1828.1
 353 1828.1  354 1828.1  355 1828.1  356 1828.1  357 1828.1  358 1828.1  359 1828.1  360 1828.1
 361 1828.1  362 1828.1  363 1828.1  364 1828.1  365 1828.1  366 1828.1  367 1828.1  368 1828.1
TTD Lookup Table
2.700e-08
644
0.00e+00 0.00e+00 0.00e+00 0.00e+00 0.00e+00 0.00e+00 0.00e+00 0.00e+00 0.00e+00 0.00e+00
0.00e+00 0.00e+00 0.00e+00 0.00e+00 0.00e+00 0.00e+00 0.00e+00 0.00e+00 0.00e+00 0.00e+00
0.00e+00 0.00e+00 0.00e+00 0.00e+00 0.00e+00 0.00e+00 0.00e+00 0.00e+00 0.00e+00 0.00e+00
0.00e+00 0.00e+00 0.00e+00 0.00e+00 0.00e+00 0.00e+00 0.00e+00 0.00e+00 0.00e+00 0.00e+00
0.00e+00 0.00e+00 0.00e+00 0.00e+00 0.00e+00 0.00e+00 0.00e+00 0.00e+00 0.00e+00 0.00e+00
0.00e+00 0.00e+00 0.00e+00 1.92e-03 4.63e-03 8.17e-03 1.25e-02 1.86e-02 2.61e-02 3.54e-02
4.60e-02 5.91e-02 7.44e-02 9.16e-02 1.11e-01 1.34e-01 1.58e-01 1.84e-01 2.14e-01 2.45e-01
2.77e-01 3.11e-01 3.45e-01 3.83e-01 4.20e-01 4.58e-01 4.95e-01 5.36e-01 5.77e-01 6.17e-01
6.58e-01 7.01e-01 7.43e-01 7.85e-01 8.26e-01 8.71e-01 9.14e-01 9.58e-01 1.00e+00 1.05e+00
1.09e+00 1.14e+00 1.18e+00 1.23e+00 1.27e+00 1.32e+00 1.36e+00 1.41e+00 1.46e+00 1.50e+00
1.55e+00 1.59e+00 1.64e+00 1.69e+00 1.73e+00 1.78e+00 1.83e+00 1.87e+00 1.92e+00 1.97e+00
2.01e+00 2.06e+00 2.10e+00 2.15e+00 2.19e+00 2.24e+00 2.28e+00 2.33e+00 2.38e+00 2.42e+00
2.46e+00 2.51e+00 2.55e+00 2.59e+00 2.64e+00 2.68e+00 2.72e+00 2.76e+00 2.80e+00 2.84e+00
2.87e+00 2.91e+00 2.95e+00 2.98e+00 3.01e+00 3.05e+00 3.08e+00 3.11e+00 3.14e+00 3.17e+00
3.20e+00 3.23e+00 3.26e+00 3.29e+00 3.31e+00 3.34e+00 3.37e+00 3.40e+00 3.43e+00 3.45e+00
3.48e+00 3.51e+00 3.54e+00 3.57e+00 3.60e+00 3.62e+00 3.65e+00 3.68e+00 3.71e+00 3.74e+00
3.76e+00 3.79e+00 3.82e+00 3.85e+00 3.87e+00 3.90e+00 3.93e+00 3.96e+00 3.98e+00 4.01e+00
4.04e+00 4.06e+00 4.09e+00 4.11e+00 4.14e+00 4.17e+00 4.19e+00 4.22e+00 4.25e+00 4.27e+00
4.30e+00 4.32e+00 4.35e+00 4.38e+00 4.40e+00 4.43e+00 4.45e+00 4.48e+00 4.50e+00 4.53e+00
4.55e+00 4.58e+00 4.60e+00 4.63e+00 4.65e+00 4.68e+00 4.70e+00 4.73e+00 4.75e+00 4.78e+00
4.80e+00 4.83e+00 4.85e+00 4.88e+00 4.90e+00 4.93e+00 4.95e+00 4.98e+00 5.00e+00 5.03e+00
5.05e+00 5.08e+00 5.10e+00 5.13e+00 5.15e+00 5.18e+00 5.20e+00 5.23e+00 5.25e+00 5.27e+00
5.30e+00 5.32e+00 5.35e+00 5.37e+00 5.39e+00 5.42e+00 5.44e+00 5.47e+00 5.49e+00 5.51e+00
5.54e+00 5.56e+00 5.59e+00 5.61e+00 5.63e+00 5.66e+00 5.68e+00 5.71e+00 5.73e+00 5.75e+00
5.77e+00 5.80e+00 5.82e+00 5.85e+00 5.87e+00 5.89e+00 5.92e+00 5.94e+00 5.96e+00 5.99e+00
6.01e+00 6.04e+00 6.06e+00 6.09e+00 6.11e+00 6.13e+00 6.16e+00 6.18e+00 6.21e+00 6.23e+00
6.25e+00 6.28e+00 6.30e+00 6.33e+00 6.35e+00 6.38e+00 6.40e+00 6.42e+00 6.45e+00 6.47e+00
6.50e+00 6.52e+00 6.54e+00 6.57e+00 6.59e+00 6.62e+00 6.64e+00 6.67e+00 6.69e+00 6.72e+00
6.74e+00 6.77e+00 6.79e+00 6.81e+00 6.84e+00 6.86e+00 6.89e+00 6.91e+00 6.93e+00 6.96e+00
6.98e+00 7.01e+00 7.03e+00 7.06e+00 7.08e+00 7.10e+00 7.13e+00 7.15e+00 7.18e+00 7.20e+00
7.23e+00 7.25e+00 7.28e+00 7.30e+00 7.32e+00 7.35e+00 7.37e+00 7.40e+00 7.42e+00 7.45e+00
7.47e+00 7.49e+00 7.52e+00 7.54e+00 7.57e+00 7.59e+00 7.62e+00 7.64e+00 7.66e+00 7.69e+00
7.71e+00 7.74e+00 7.76e+00 7.79e+00 7.81e+00 7.83e+00 7.86e+00 7.88e+00 7.91e+00 7.93e+00
7.95e+00 7.98e+00 8.00e+00 8.03e+00 8.05e+00 8.08e+00 8.10e+00 8.12e+00 8.15e+00 8.17e+00
8.19e+00 8.22e+00 8.24e+00 8.27e+00 8.29e+00 8.32e+00 8.34e+00 8.36e+00 8.39e+00 8.41e+00
8.43e+00 8.46e+00 8.48e+00 8.51e+00 8.53e+00 8.55e+00 8.58e+00 8.60e+00 8.62e+00 8.65e+00
8.67e+00 8.70e+00 8.72e+00 8.74e+00 8.77e+00 8.79e+00 8.82e+00 8.84e+00 8.86e+00 8.89e+00
8.91e+00 8.93e+00 8.96e+00 8.98e+00 9.01e+00 9.03e+00 9.05e+00 9.08e+00 9.10e+00 9.12e+00
9.15e+00 9.17e+00 9.20e+00 9.22e+00 9.24e+00 9.27e+00 9.29e+00 9.32e+00 9.34e+00 9.36e+00
9.39e+00 9.41e+00 9.43e+00 9.46e+00 9.48e+00 9.51e+00 9.53e+00 9.55e+00 9.58e+00 9.60e+00
9.62e+00 9.65e+00 9.67e+00 9.70e+00 9.72e+00 9.74e+00 9.77e+00 9.79e+00 9.81e+00 9.84e+00
9.86e+00 9.89e+00 9.91e+00 9.93e+00 9.96e+00 9.98e+00 1.00e+01 1.00e+01 1.01e+01 1.01e+01
1.01e+01 1.01e+01 1.01e+01 1.02e+01 1.02e+01 1.02e+01 1.02e+01 1.03e+01 1.03e+01 1.03e+01
1.03e+01 1.04e+01 1.04e+01 1.04e+01 1.04e+01 1.05e+01 1.05e+01 1.05e+01 1.05e+01 1.06e+01
1.06e+01 1.06e+01 1.06e+01 1.06e+01 1.07e+01 1.07e+01 1.07e+01 1.07e+01 1.08e+01 1.08e+01
1.08e+01 1.08e+01 1.09e+01 1.09e+01 1.09e+01 1.09e+01 1.10e+01 1.10e+01 1.10e+01 1.10e+01
1.10e+01 1.11e+01 1.11e+01 1.11e+01 1.11e+01 1.12e+01 1.12e+01 1.12e+01 1.12e+01 1.13e+01
1.13e+01 1.13e+01 1.13e+01 1.14e+01 1.14e+01 1.14e+01 1.14e+01 1.14e+01 1.15e+01 1.15e+01
1.15e+01 1.15e+01 1.16e+01 1.16e+01 1.16e+01 1.16e+01 1.17e+01 1.17e+01 1.17e+01 1.17e+01
1.18e+01 1.18e+01 1.18e+01 1.18e+01 1.19e+01 1.19e+01 1.19e+01 1.19e+01 1.19e+01 1.20e+01
1.20e+01 1.20e+01 1.20e+01 1.21e+01 1.21e+01 1.21e+01 1.21e+01 1.22e+01 1.22e+01 1.22e+01
1.22e+01 1.22e+01 1.23e+01 1.23e+01 1.23e+01 1.23e+01 1.24e+01 1.24e+01 1.24e+01 1.24e+01
1.25e+01 1.25e+01 1.25e+01 1.25e+01 1.26e+01 1.26e+01 1.26e+01 1.26e+01 1.26e+01 1.27e+01
1.27e+01 1.27e+01 1.27e+01 1.28e+01 1.28e+01 1.28e+01 1.28e+01 1.29e+01 1.29e+01 1.29e+01
1.29e+01 1.30e+01 1.30e+01 1.30e+01 1.30e+01 1.30e+01 1.31e+01 1.31e+01 1.31e+01 1.31e+01
1.32e+01 1.32e+01 1.32e+01 1.32e+01 1.33e+01 1.33e+01 1.33e+01 1.33e+01 1.34e+01 1.34e+01
1.34e+01 1.34e+01 1.34e+01 1.35e+01 1.35e+01 1.35e+01 1.35e+01 1.36e+01 1.36e+01 1.36e+01
1.36e+01 1.37e+01 1.37e+01 1.37e+01 1.37e+01 1.37e+01 1.38e+01 1.38e+01 1.38e+01 1.38e+01
1.39e+01 1.39e+01 1.39e+01 1.39e+01 1.40e+01 1.40e+01 1.40e+01 1.40e+01 1.41e+01 1.41e+01
1.41e+01 1.41e+01 1.41e+01 1.42e+01 1.42e+01 1.42e+01 1.42e+01 1.43e+01 1.43e+01 1.43e+01
1.43e+01 1.43e+01 1.44e+01 1.44e+01 1.44e+01 1.44e+01 1.45e+01 1.45e+01 1.45e+01 1.45e+01
1.45e+01 1.46e+01 1.46e+01 1.46e+01 1.46e+01 1.46e+01 1.46e+01 1.47e+01 1.47e+01 1.47e+01
1.47e+01 1.47e+01 1.48e+01 1.48e+01 1.48e+01 1.48e+01 1.48e+01 1.48e+01 1.48e+01 1.49e+01
1.49e+01 1.49e+01 1.49e+01 1.49e+01 1.49e+01 1.49e+01 1.49e+01 1.49e+01 1.50e+01 1.50e+01
1.50e+01 1.50e+01 1.50e+01 1.50e+01 1.51e+01 1.51e+01 1.51e+01 1.51e+01 1.51e+01 1.51e+01
1.51e+01 1.51e+01 1.51e+01 1.51e+01 1.51e+01 1.51e+01 1.51e+01 1.51e+01 1.51e+01 1.51e+01
1.51e+01 1.51e+01 1.51e+01 1.51e+01 1.51e+01 1.51e+01 1.51e+01 1.51e+01 1.51e+01 1.51e+01
1.51e+01 1.51e+01 1.51e+01 1.51e+01 1.51e+01 1.51e+01 1.51e+01 1.51e+01 1.51e+01 1.51e+01
1.51e+01 1.51e+01 1.51e+01 1.51e+01 1.51e+01 1.51e+01 1.51e+01 1.51e+01 1.51e+01 1.51e+01
1.51e+01 1.51e+01 1.51e+01 1.51e+01 1.51e+01 1.51e+01 1.51e+01 1.51e+01 1.51e+01 1.51e+01
1.51e+01 1.51e+01 1.51e+01 1.51e+01 1.51e+01 1.51e+01 1.51e+01 1.51e+01 1.51e+01 1.51e+01
1.51e+01 1.51e+01 1.51e+01 1.51e+01 1.51e+01 1.51e+01 1.51e+01 1.51e+01 1.51e+01 1.51e+01
1.51e+01 1.51e+01 1.51e+01 1.51e+01 1.51e+01 1.51e+01 1.51e+01 1.51e+01 1.51e+01 1.51e+01
1.51e+01 1.51e+01 1.51e+01 1.51e+01 1.51e+01 1.51e+01 1.51e+01 1.51e+01 1.51e+01 1.51e+01
1.51e+01 1.51e+01 1.51e+01 1.51e+01 1.51e+01 1.51e+01 1.51e+01 1.51e+01 1.51e+01 1.51e+01
1.51e+01 1.51e+01 1.51e+01 1.51e+01 1.51e+01 1.51e+01 1.51e+01 1.51e+01 1.51e+01 1.51e+01
1.51e+01 1.51e+01 1.51e+01 1.51e+01 1.51e+01 1.51e+01 1.51e+01 1.51e+01 1.51e+01 1.51e+01
1.51e+01 1.51e+01 1.51e+01 1.51e+01 1.51e+01 1.51e+01 1.51e+01 1.51e+01 1.51e+01 1.51e+01
1.51e+01 1.51e+01 1.51e+01 1.51e+01 1.51e+01 1.51e+01 1.51e+01 1.51e+01 1.51e+01 1.51e+01
1.51e+01 1.51e+01 1.51e+01 1.51e+01 1.51e+01 1.51e+01 1.51e+01 1.51e+01 7.99e-44
[ R.global ]
0.3327 1                     Plane Spacing, TTD Converter
matrix elements
t 0 0 0 -1.0041E+00 -3.3475E-01 -4.2640E-02  0.0000E+00  0.0000E+00  0.0000E+00   0.0000E+00
y 0 0 0 -4.2632E-03  4.7132E-04  3.0828E-03  0.0000E+00  0.0000E+00  0.0000E+00   0.0000E+00
p 0 0 0 -8.5815E-04 -2.3903E-03  9.1900E-04  0.0000E+00  0.0000E+00  0.0000E+00   0.0000E+00
D 0 0 0   0.0000E+00  8.3372E-02  1.1592E-02  9.3039E-04 -3.4136E-03  0.0000E+00  0.0000E+00
D 1 0 0  -1.3992E-02  2.4465E-01  3.3498E-03  5.5583E-02  0.0000E+00  0.0000E+00  0.0000E+00
D 2 0 0  -8.8879E-01  8.6038E-01 -3.9888E-01  0.0000E+00  0.0000E+00  0.0000E+00  0.0000E+00
D 0 0 2  -3.5727E-02  2.8374E-01  3.7824E-01  0.0000E+00  0.0000E+00  0.0000E+00  0.0000E+00
D 0 2 0  -1.6283E-02 -1.7942E-01  4.3690E-01  0.0000E+00  0.0000E+00  0.0000E+00  0.0000E+00
D 0 1 1   5.3985E-01 -1.9302E-01 -3.1818E-01  0.0000E+00  0.0000E+00  0.0000E+00  0.0000E+00
D 3 0 0   2.1457E+01  5.9334E+01  0.0000E+00  0.0000E+00  0.0000E+00  0.0000E+00  0.0000E+00
D 1 2 0  -2.0197E+01  2.1426E+01  0.0000E+00  0.0000E+00  0.0000E+00  0.0000E+00  0.0000E+00
D 1 0 2  -2.0366E+01 -2.8647E+01  0.0000E+00  0.0000E+00  0.0000E+00  0.0000E+00  0.0000E+00
D 1 1 1  -2.0406E+01 -3.7579E+01  0.0000E+00  0.0000E+00  0.0000E+00  0.0000E+00  0.0000E+00
T 1 0 0  -2.3238E+00  5.1893E-01 -3.9384E-02  1.6927E-01  0.0000E+00  0.0000E+00  0.0000E+00
T 2 0 0  -3.6530E+00  5.7845E+00  1.8514E-01  0.0000E+00  0.0000E+00  0.0000E+00  0.0000E+00
T 0 0 2   5.7872E-01  7.3717E-01 -1.2302E+00  0.0000E+00  0.0000E+00  0.0000E+00  0.0000E+00
T 0 2 0   4.8158E-01 -5.7329E-01 -6.2552E-01  0.0000E+00  0.0000E+00  0.0000E+00  0.0000E+00
T 1 2 0  -4.7707E+01 -5.6969E+01  0.0000E+00  0.0000E+00  0.0000E+00  0.0000E+00  0.0000E+00
T 3 0 0   1.5695E+02 -1.4955E+02  0.0000E+00  0.0000E+00  0.0000E+00  0.0000E+00  0.0000E+00
T 2 0 2  -1.1964E+03  0.0000E+00  0.0000E+00  0.0000E+00  0.0000E+00  0.0000E+00  0.0000E+00
T 4 0 0  -4.2381E+03  0.0000E+00  0.0000E+00  0.0000E+00  0.0000E+00  0.0000E+00  0.0000E+00
P 0 0 0  -7.6636E-05 -7.3129E-05  0.0000E+00  0.0000E+00  0.0000E+00  0.0000E+00  0.0000E+00
P 0 0 1  -6.3083E-01 -1.6232E-01  2.1850E-01  2.5759E-02  0.0000E+00  0.0000E+00  0.0000E+00
P 1 0 0  -2.6864E-02  2.4084E-02  1.8406E-02 -1.3691E-01  0.0000E+00  0.0000E+00  0.0000E+00
P 0 1 0  -3.6039E-01  3.2994E-01 -3.4501E-02  8.1369E-02  0.0000E+00  0.0000E+00  0.0000E+00
P 0 1 2  -1.5067E+01 -2.5747E+01  0.0000E+00  0.0000E+00  0.0000E+00  0.0000E+00  0.0000E+00
P 1 1 0   3.5604E+00  1.0597E-01 -2.2089E+00  0.0000E+00  0.0000E+00  0.0000E+00  0.0000E+00
P 1 0 1   4.8333E+00 -1.8801E+00 -9.3621E-01  0.0000E+00  0.0000E+00  0.0000E+00  0.0000E+00
P 0 0 3   1.7473E+01 -1.5818E+01  0.0000E+00  0.0000E+00  0.0000E+00  0.0000E+00  0.0000E+00
P 2 0 1   3.0312E+00 -9.0729E+01  0.0000E+00  0.0000E+00  0.0000E+00  0.0000E+00  0.0000E+00
P 2 1 0  -9.8764E+01  7.1318E+01  0.0000E+00  0.0000E+00  0.0000E+00  0.0000E+00  0.0000E+00
P 0 2 1   1.4537E+00  1.4351E+01  0.0000E+00  0.0000E+00  0.0000E+00  0.0000E+00  0.0000E+00
P 0 3 0   1.2564E+00 -1.7579E+01  0.0000E+00  0.0000E+00  0.0000E+00  0.0000E+00  0.0000E+00
P 1 0 3   1.3460E+02  0.0000E+00  0.0000E+00  0.0000E+00  0.0000E+00  0.0000E+00  0.0000E+00
P 1 3 0  -2.5029E+02  0.0000E+00  0.0000E+00  0.0000E+00  0.0000E+00  0.0000E+00  0.0000E+00
P 3 0 1   9.9992E+02  0.0000E+00  0.0000E+00  0.0000E+00  0.0000E+00  0.0000E+00  0.0000E+00
P 3 1 0  -1.1472E+03  0.0000E+00  0.0000E+00  0.0000E+00  0.0000E+00  0.0000E+00  0.0000E+00
P 1 1 2  -2.8948E+02  0.0000E+00  0.0000E+00  0.0000E+00  0.0000E+00  0.0000E+00  0.0000E+00
P 1 2 1  -1.2886E+03  0.0000E+00  0.0000E+00  0.0000E+00  0.0000E+00  0.0000E+00  0.0000E+00
Y 0 0 1  8.0052E-01 -1.1526E+00 -5.3638E-01  2.4793E-01  0.0000E+00  0.0000E+00   0.0000E+00
Y 0 1 0 -1.1560E+00 -7.7128E-01  1.1429E-01  3.6159E-02  0.0000E+00  0.0000E+00   0.0000E+00
Y 1 0 0  6.7022E-02 -1.2791E-02 -1.5820E-01 -1.2961E-01  0.0000E+00  0.0000E+00   0.0000E+00
Y 1 0 1 -2.3287E+00 -7.7758E+00 -4.6508E+00  0.0000E+00  0.0000E+00  0.0000E+00   0.0000E+00
Y 1 1 0 -1.5550E+01 -2.1092E+00  7.3633E-01  0.0000E+00  0.0000E+00  0.0000E+00   0.0000E+00
Y 1 1 2  2.6705E+02  0.0000E+00  0.0000E+00  0.0000E+00  0.0000E+00  0.0000E+00   0.0000E+00
Y 1 2 1  9.4849E+02  0.0000E+00  0.0000E+00  0.0000E+00  0.0000E+00  0.0000E+00   0.0000E+00
Y 1 0 3  1.2947E+03  0.0000E+00  0.0000E+00  0.0000E+00  0.0000E+00  0.0000E+00   0.0000E+00
Y 1 3 0  3.6838E+02  0.0000E+00  0.0000E+00  0.0000E+00  0.0000E+00  0.0000E+00   0.0000E+00
Y 0 0 3  1.0196E+01  1.0178E+01  0.0000E+00  0.0000E+00  0.0000E+00  0.0000E+00   0.0000E+00
Y 2 1 0  3.3662E+02 -1.9142E+02  0.0000E+00  0.0000E+00  0.0000E+00  0.0000E+00   0.0000E+00
Y 0 3 0  2.8789E+01  8.8384E+00  0.0000E+00  0.0000E+00  0.0000E+00  0.0000E+00   0.0000E+00
Y 2 0 1  3.9005E+02  2.8271E+02  0.0000E+00  0.0000E+00  0.0000E+00  0.0000E+00   0.0000E+00
Y 3 0 1  4.6394E+01  0.0000E+00  0.0000E+00  0.0000E+00  0.0000E+00  0.0000E+00   0.0000E+00
Y 3 1 0  5.7377E+03  0.0000E+00  0.0000E+00  0.0000E+00  0.0000E+00  0.0000E+00   0.0000E+00
