######################### DO NOT REMOVE THIS HEADER ###############################
# RHRS Optics Database
# Author: Ge Jin <gjin@jlab.org>
#
#
# This is LHRS optics databse was created with optics data with momentum of 1GeV, 2GeV and 3GeV from the
# 2009 3He BigFamily of experiments.
#
# It has been tested against other run periods and is in general a good starting matrix.
#
###################################################################################
#
# Sum of progress.
# * Full (1.2 ~ 3.6) GeV and (16 ~ 18) degrees region optics,
# * with radiation correction (http://physics.nist.gov/PhysRefData/Star/Text/ESTAR.html -> Collision Loss Only)
# * with spectrometer pointing offsets
# * With Extended Target Correction
# * No  term larger than 1000
# * With Sieve Offsets
#
# ===========================================
# Theta and phi part is optimized from a 1st pass and 17 degree run 20366 and is tested on a 2nd pass 18 degree run 22351
# y_tg part is optimized from a 1st pass and 17 degrees run 20369 and is tested on other configurations ranging in
# (1.2 ~ 3.6) GeV and (16 ~ 18) degrees region 
# Dp part is optimized by 1st pass carbon elastic runs 20361, 20364, 20367. 
# Dp is tested on 1st pass H2 elastic runs 20275, 20284, 20293, and 2nd pass H2 elastic runs 21513,21514,21517,21518
#
##################################################
#
############# RIGHT VDCS  ###################
No of Crate, Slot, First, Last chans
[ R.vdc.u1 ]
1       7       0       95
1       8       0       95
1       9       0       95
1      10       0       79
0.0  0.77852 -0.0042426 -45.0                  z, wbeg, wspac, wangle (m)
5.000e4                                        Drift velocity (m/s)
TDC Offset Values
   1 1829.7    2 1829.7    3 1829.7    4 1829.7    5 1829.7    6 1829.7    7 1829.7    8 1829.7
   9 1829.7   10 1829.7   11 1829.7   12 1829.7   13 1829.7   14 1829.7   15 1829.7   16 1829.7
  17 1829.0   18 1829.0   19 1829.0   20 1829.0   21 1829.0   22 1829.0   23 1829.0   24 1829.0
  25 1829.0   26 1829.0   27 1829.0   28 1829.0   29 1829.0   30 1829.0   31 1829.0   32 1829.0
  33 1826.5   34 1826.5   35 1826.5   36 1826.5   37 1826.5   38 1826.5   39 1826.5   40 1826.5
  41 1826.5   42 1826.5   43 1826.5   44 1826.5   45 1826.5   46 1826.5   47 1826.5   48 1826.5
  49 1827.7   50 1827.7   51 1827.7   52 1827.7   53 1827.7   54 1827.7   55 1827.7   56 1827.7
  57 1827.7   58 1827.7   59 1827.7   60 1827.7   61 1827.7   62 1827.7   63 1827.7   64 1827.7
  65 1828.6   66 1828.6   67 1828.6   68 1828.6   69 1828.6   70 1828.6   71 1828.6   72 1828.6
  73 1828.6   74 1828.6   75 1828.6   76 1828.6   77 1828.6   78 1828.6   79 1828.6   80 1828.6
  81 1824.3   82 1824.3   83 1824.3   84 1824.3   85 1824.3   86 1824.3   87 1824.3   88 1824.3
  89 1824.3   90 1824.3   91 1824.3   92 1824.3   93 1824.3   94 1824.3   95 1824.3   96 1824.3
  97 1827.5   98 1827.5   99 1827.5  100 1827.5  101 1827.5  102 1827.5  103 1827.5  104 1827.5
 105 1827.5  106 1827.5  107 1827.5  108 1827.5  109 1827.5  110 1827.5  111 1827.5  112 1827.5
 113 1827.6  114 1827.6  115 1827.6  116 1827.6  117 1827.6  118 1827.6  119 1827.6  120 1827.6
 121 1827.6  122 1827.6  123 1827.6  124 1827.6  125 1827.6  126 1827.6  127 1827.6  128 1827.6
 129 1829.6  130 1829.6  131 1829.6  132 1829.6  133 1829.6  134 1829.6  135 1829.6  136 1829.6
 137 1829.6  138 1829.6  139 1829.6  140 1829.6  141 1829.6  142 1829.6  143 1829.6  144 1829.6
 145 1828.4  146 1828.4  147 1828.4  148 1828.4  149 1828.4  150 1828.4  151 1828.4  152 1828.4
 153 1828.4  154 1828.4  155 1828.4  156 1828.4  157 1828.4  158 1828.4  159 1828.4  160 1828.4
 161 1832.3  162 1832.3  163 1832.3  164 1832.3  165 1832.3  166 1832.3  167 1832.3  168 1832.3
 169 1832.3  170 1832.3  171 1832.3  172 1832.3  173 1832.3  174 1832.3  175 1832.3  176 1832.3
 177 1832.2  178 1832.2  179 1832.2  180 1832.2  181 1832.2  182 1832.2  183 1832.2  184 1832.2
 185 1832.2  186 1832.2  187 1832.2  188 1832.2  189 1832.2  190 1832.2  191 1832.2  192 1832.2
 193 1835.5  194 1835.5  195 1835.5  196 1835.5  197 1835.5  198 1835.5  199 1835.5  200 1835.5
 201 1835.5  202 1835.5  203 1835.5  204 1835.5  205 1835.5  206 1835.5  207 1835.5  208 1835.5
 209 1830.8  210 1830.8  211 1830.8  212 1830.8  213 1830.8  214 1830.8  215 1830.8  216 1830.8
 217 1830.8  218 1830.8  219 1830.8  220 1830.8  221 1830.8  222 1830.8  223 1830.8  224 1830.8
 225 1832.2  226 1832.2  227 1832.2  228 1832.2  229 1832.2  230 1832.2  231 1832.2  232 1832.2
 233 1832.2  234 1832.2  235 1832.2  236 1832.2  237 1832.2  238 1832.2  239 1832.2  240 1832.2
 241 1831.6  242 1831.6  243 1831.6  244 1831.6  245 1831.6  246 1831.6  247 1831.6  248 1831.6
 249 1831.6  250 1831.6  251 1831.6  252 1831.6  253 1831.6  254 1831.6  255 1831.6  256 1831.6
 257 1833.1  258 1833.1  259 1833.1  260 1833.1  261 1833.1  262 1833.1  263 1833.1  264 1833.1
 265 1833.1  266 1833.1  267 1833.1  268 1833.1  269 1833.1  270 1833.1  271 1833.1  272 1833.1
 273 1832.2  274 1832.2  275 1832.2  276 1832.2  277 1832.2  278 1832.2  279 1832.2  280 1832.2
 281 1832.2  282 1832.2  283 1832.2  284 1832.2  285 1832.2  286 1832.2  287 1832.2  288 1832.2
 289 1836.6  290 1836.6  291 1836.6  292 1836.6  293 1836.6  294 1836.6  295 1836.6  296 1836.6
 297 1836.6  298 1836.6  299 1836.6  300 1836.6  301 1836.6  302 1836.6  303 1836.6  304 1836.6
 305 1836.2  306 1836.2  307 1836.2  308 1836.2  309 1836.2  310 1836.2  311 1836.2  312 1836.2
 313 1836.2  314 1836.2  315 1836.2  316 1836.2  317 1836.2  318 1836.2  319 1836.2  320 1836.2
 321 1835.7  322 1835.7  323 1835.7  324 1835.7  325 1835.7  326 1835.7  327 1835.7  328 1835.7
 329 1835.7  330 1835.7  331 1835.7  332 1835.7  333 1835.7  334 1835.7  335 1835.7  336 1835.7
 337 1832.8  338 1832.8  339 1832.8  340 1832.8  341 1832.8  342 1832.8  343 1832.8  344 1832.8
 345 1832.8  346 1832.8  347 1832.8  348 1832.8  349 1832.8  350 1832.8  351 1832.8  352 1832.8
 353 1837.4  354 1837.4  355 1837.4  356 1837.4  357 1837.4  358 1837.4  359 1837.4  360 1837.4
 361 1837.4  362 1837.4  363 1837.4  364 1837.4  365 1837.4  366 1837.4  367 1837.4  368 1837.4
TTD Lookup Table
2.550e-08
647
0.00e+00 0.00e+00 0.00e+00 0.00e+00 0.00e+00 0.00e+00 0.00e+00 0.00e+00 0.00e+00 0.00e+00
0.00e+00 0.00e+00 0.00e+00 0.00e+00 0.00e+00 0.00e+00 0.00e+00 0.00e+00 0.00e+00 0.00e+00
0.00e+00 0.00e+00 0.00e+00 0.00e+00 0.00e+00 0.00e+00 0.00e+00 0.00e+00 0.00e+00 0.00e+00
0.00e+00 0.00e+00 0.00e+00 0.00e+00 0.00e+00 0.00e+00 0.00e+00 0.00e+00 0.00e+00 0.00e+00
0.00e+00 0.00e+00 0.00e+00 0.00e+00 0.00e+00 0.00e+00 0.00e+00 0.00e+00 0.00e+00 0.00e+00
2.79e-03 6.79e-03 1.19e-02 1.82e-02 2.59e-02 3.57e-02 4.72e-02 6.06e-02 7.67e-02 9.54e-02
1.16e-01 1.38e-01 1.63e-01 1.91e-01 2.21e-01 2.51e-01 2.85e-01 3.20e-01 3.62e-01 3.99e-01
4.39e-01 4.78e-01 5.18e-01 5.58e-01 6.02e-01 6.43e-01 6.86e-01 7.27e-01 7.71e-01 8.14e-01
8.57e-01 8.99e-01 9.45e-01 9.88e-01 1.03e+00 1.08e+00 1.12e+00 1.16e+00 1.21e+00 1.25e+00
1.30e+00 1.34e+00 1.39e+00 1.43e+00 1.48e+00 1.52e+00 1.57e+00 1.61e+00 1.66e+00 1.70e+00
1.75e+00 1.79e+00 1.83e+00 1.88e+00 1.92e+00 1.97e+00 2.01e+00 2.06e+00 2.10e+00 2.15e+00
2.19e+00 2.24e+00 2.28e+00 2.32e+00 2.37e+00 2.41e+00 2.45e+00 2.49e+00 2.54e+00 2.58e+00
2.62e+00 2.66e+00 2.70e+00 2.74e+00 2.78e+00 2.82e+00 2.86e+00 2.90e+00 2.93e+00 2.96e+00
3.00e+00 3.03e+00 3.06e+00 3.09e+00 3.13e+00 3.16e+00 3.18e+00 3.21e+00 3.25e+00 3.27e+00
3.30e+00 3.33e+00 3.36e+00 3.38e+00 3.41e+00 3.44e+00 3.47e+00 3.50e+00 3.53e+00 3.55e+00
3.58e+00 3.61e+00 3.64e+00 3.67e+00 3.70e+00 3.72e+00 3.75e+00 3.78e+00 3.81e+00 3.83e+00
3.86e+00 3.89e+00 3.92e+00 3.94e+00 3.97e+00 4.00e+00 4.02e+00 4.05e+00 4.08e+00 4.10e+00
4.13e+00 4.16e+00 4.18e+00 4.21e+00 4.24e+00 4.26e+00 4.29e+00 4.32e+00 4.34e+00 4.37e+00
4.39e+00 4.42e+00 4.44e+00 4.47e+00 4.50e+00 4.52e+00 4.55e+00 4.57e+00 4.60e+00 4.62e+00
4.65e+00 4.67e+00 4.70e+00 4.72e+00 4.75e+00 4.77e+00 4.80e+00 4.82e+00 4.85e+00 4.87e+00
4.90e+00 4.92e+00 4.95e+00 4.97e+00 5.00e+00 5.02e+00 5.05e+00 5.07e+00 5.10e+00 5.12e+00
5.14e+00 5.17e+00 5.19e+00 5.22e+00 5.24e+00 5.27e+00 5.29e+00 5.31e+00 5.34e+00 5.36e+00
5.39e+00 5.41e+00 5.44e+00 5.46e+00 5.48e+00 5.51e+00 5.53e+00 5.55e+00 5.58e+00 5.60e+00
5.63e+00 5.65e+00 5.67e+00 5.70e+00 5.72e+00 5.74e+00 5.77e+00 5.79e+00 5.81e+00 5.84e+00
5.86e+00 5.88e+00 5.91e+00 5.93e+00 5.96e+00 5.98e+00 6.00e+00 6.03e+00 6.05e+00 6.07e+00
6.10e+00 6.12e+00 6.15e+00 6.17e+00 6.19e+00 6.22e+00 6.24e+00 6.26e+00 6.29e+00 6.31e+00
6.34e+00 6.36e+00 6.39e+00 6.41e+00 6.43e+00 6.46e+00 6.48e+00 6.51e+00 6.53e+00 6.55e+00
6.58e+00 6.60e+00 6.63e+00 6.65e+00 6.68e+00 6.70e+00 6.72e+00 6.75e+00 6.77e+00 6.80e+00
6.82e+00 6.85e+00 6.87e+00 6.89e+00 6.92e+00 6.94e+00 6.97e+00 6.99e+00 7.02e+00 7.04e+00
7.06e+00 7.09e+00 7.11e+00 7.14e+00 7.16e+00 7.18e+00 7.21e+00 7.23e+00 7.26e+00 7.28e+00
7.30e+00 7.33e+00 7.35e+00 7.38e+00 7.40e+00 7.42e+00 7.45e+00 7.47e+00 7.50e+00 7.52e+00
7.55e+00 7.57e+00 7.59e+00 7.62e+00 7.64e+00 7.67e+00 7.69e+00 7.71e+00 7.74e+00 7.76e+00
7.78e+00 7.81e+00 7.83e+00 7.86e+00 7.88e+00 7.90e+00 7.93e+00 7.95e+00 7.98e+00 8.00e+00
8.02e+00 8.05e+00 8.07e+00 8.09e+00 8.12e+00 8.14e+00 8.17e+00 8.19e+00 8.21e+00 8.24e+00
8.26e+00 8.28e+00 8.31e+00 8.33e+00 8.35e+00 8.38e+00 8.40e+00 8.43e+00 8.45e+00 8.47e+00
8.50e+00 8.52e+00 8.55e+00 8.57e+00 8.59e+00 8.62e+00 8.64e+00 8.66e+00 8.69e+00 8.71e+00
8.73e+00 8.76e+00 8.78e+00 8.81e+00 8.83e+00 8.85e+00 8.88e+00 8.90e+00 8.92e+00 8.95e+00
8.97e+00 8.99e+00 9.02e+00 9.04e+00 9.06e+00 9.09e+00 9.11e+00 9.13e+00 9.16e+00 9.18e+00
9.21e+00 9.23e+00 9.25e+00 9.28e+00 9.30e+00 9.32e+00 9.35e+00 9.37e+00 9.39e+00 9.42e+00
9.44e+00 9.46e+00 9.49e+00 9.51e+00 9.54e+00 9.56e+00 9.58e+00 9.61e+00 9.63e+00 9.65e+00
9.68e+00 9.70e+00 9.72e+00 9.75e+00 9.77e+00 9.79e+00 9.82e+00 9.84e+00 9.86e+00 9.89e+00
9.91e+00 9.94e+00 9.96e+00 9.98e+00 1.00e+01 1.00e+01 1.01e+01 1.01e+01 1.01e+01 1.01e+01
1.01e+01 1.02e+01 1.02e+01 1.02e+01 1.02e+01 1.03e+01 1.03e+01 1.03e+01 1.03e+01 1.04e+01
1.04e+01 1.04e+01 1.04e+01 1.05e+01 1.05e+01 1.05e+01 1.05e+01 1.05e+01 1.06e+01 1.06e+01
1.06e+01 1.06e+01 1.07e+01 1.07e+01 1.07e+01 1.07e+01 1.08e+01 1.08e+01 1.08e+01 1.08e+01
1.08e+01 1.09e+01 1.09e+01 1.09e+01 1.09e+01 1.10e+01 1.10e+01 1.10e+01 1.10e+01 1.11e+01
1.11e+01 1.11e+01 1.11e+01 1.12e+01 1.12e+01 1.12e+01 1.12e+01 1.12e+01 1.13e+01 1.13e+01
1.13e+01 1.13e+01 1.14e+01 1.14e+01 1.14e+01 1.14e+01 1.15e+01 1.15e+01 1.15e+01 1.15e+01
1.15e+01 1.16e+01 1.16e+01 1.16e+01 1.16e+01 1.17e+01 1.17e+01 1.17e+01 1.17e+01 1.18e+01
1.18e+01 1.18e+01 1.18e+01 1.19e+01 1.19e+01 1.19e+01 1.19e+01 1.19e+01 1.20e+01 1.20e+01
1.20e+01 1.20e+01 1.21e+01 1.21e+01 1.21e+01 1.21e+01 1.22e+01 1.22e+01 1.22e+01 1.22e+01
1.22e+01 1.23e+01 1.23e+01 1.23e+01 1.23e+01 1.24e+01 1.24e+01 1.24e+01 1.24e+01 1.25e+01
1.25e+01 1.25e+01 1.25e+01 1.25e+01 1.26e+01 1.26e+01 1.26e+01 1.26e+01 1.27e+01 1.27e+01
1.27e+01 1.27e+01 1.28e+01 1.28e+01 1.28e+01 1.28e+01 1.28e+01 1.29e+01 1.29e+01 1.29e+01
1.29e+01 1.30e+01 1.30e+01 1.30e+01 1.30e+01 1.31e+01 1.31e+01 1.31e+01 1.31e+01 1.31e+01
1.32e+01 1.32e+01 1.32e+01 1.32e+01 1.33e+01 1.33e+01 1.33e+01 1.33e+01 1.34e+01 1.34e+01
1.34e+01 1.34e+01 1.34e+01 1.35e+01 1.35e+01 1.35e+01 1.35e+01 1.36e+01 1.36e+01 1.36e+01
1.36e+01 1.37e+01 1.37e+01 1.37e+01 1.37e+01 1.37e+01 1.38e+01 1.38e+01 1.38e+01 1.38e+01
1.39e+01 1.39e+01 1.39e+01 1.39e+01 1.40e+01 1.40e+01 1.40e+01 1.40e+01 1.40e+01 1.41e+01
1.41e+01 1.41e+01 1.41e+01 1.42e+01 1.42e+01 1.42e+01 1.42e+01 1.42e+01 1.43e+01 1.43e+01
1.43e+01 1.43e+01 1.44e+01 1.44e+01 1.44e+01 1.44e+01 1.44e+01 1.45e+01 1.45e+01 1.45e+01
1.45e+01 1.45e+01 1.45e+01 1.46e+01 1.46e+01 1.46e+01 1.46e+01 1.46e+01 1.47e+01 1.47e+01
1.47e+01 1.47e+01 1.47e+01 1.47e+01 1.48e+01 1.48e+01 1.48e+01 1.48e+01 1.48e+01 1.48e+01
1.48e+01 1.48e+01 1.49e+01 1.49e+01 1.49e+01 1.49e+01 1.49e+01 1.49e+01 1.49e+01 1.49e+01
1.49e+01 1.50e+01 1.50e+01 1.50e+01 1.50e+01 1.50e+01 1.50e+01 1.51e+01 1.51e+01 1.51e+01
1.51e+01 1.51e+01 1.51e+01 1.51e+01 1.51e+01 1.51e+01 1.51e+01 1.51e+01 1.51e+01 1.51e+01
1.51e+01 1.51e+01 1.51e+01 1.51e+01 1.51e+01 1.51e+01 1.51e+01 1.51e+01 1.51e+01 1.51e+01
1.51e+01 1.51e+01 1.51e+01 1.51e+01 1.51e+01 1.51e+01 1.51e+01 1.51e+01 1.51e+01 1.51e+01
1.51e+01 1.51e+01 1.51e+01 1.51e+01 1.51e+01 1.51e+01 1.51e+01 1.51e+01 1.51e+01 1.51e+01
1.51e+01 1.51e+01 1.51e+01 1.51e+01 1.51e+01 1.51e+01 1.51e+01 1.51e+01 1.51e+01 1.51e+01
1.51e+01 1.51e+01 1.51e+01 1.51e+01 1.51e+01 1.51e+01 1.51e+01 1.51e+01 1.51e+01 1.51e+01
1.51e+01 1.51e+01 1.51e+01 1.51e+01 1.51e+01 1.51e+01 1.51e+01 1.51e+01 1.51e+01 1.51e+01
1.51e+01 1.51e+01 1.51e+01 1.51e+01 1.51e+01 1.51e+01 1.51e+01 1.51e+01 1.51e+01 1.51e+01
1.51e+01 1.51e+01 1.51e+01 1.51e+01 1.51e+01 1.51e+01 1.51e+01 1.51e+01 1.51e+01 1.51e+01
1.51e+01 1.51e+01 1.51e+01 1.51e+01 1.51e+01 1.51e+01 1.51e+01 1.51e+01 1.51e+01 1.51e+01
1.51e+01 1.51e+01 1.51e+01 1.51e+01 1.51e+01 1.51e+01 1.51e+01 1.51e+01 1.51e+01 1.51e+01
1.51e+01 1.51e+01 1.51e+01 1.51e+01 1.51e+01 1.51e+01 1.51e+01 1.51e+01 1.51e+01 1.51e+01
1.51e+01 1.51e+01 1.51e+01 1.51e+01 1.51e+01 1.51e+01 1.51e+01 1.51e+01 1.51e+01 1.51e+01
1.51e+01 1.51e+01 1.51e+01 1.51e+01 1.51e+01 1.51e+01 1.51e+01 1.51e+01 1.51e+01 1.51e+01
1.51e+01 1.51e+01 1.51e+01 1.51e+01 1.51e+01 1.51e+01 1.51e+01 1.51e+01 
[ R.vdc.v1 ]
2       7       0         95
2       8       0         95
2       9       0         95
2      10       0         79
0.026  0.77852 -0.0042426 45.0                 z, wbeg, wspac, wangle (m)
4.971e4                                        Drift velocity (m/s)
TDC Offset Values
   1 1838.7    2 1838.7    3 1838.7    4 1838.7    5 1838.7    6 1838.7    7 1838.7    8 1838.7
   9 1838.7   10 1838.7   11 1838.7   12 1838.7   13 1838.7   14 1838.7   15 1838.7   16 1838.7
  17 1835.7   18 1835.7   19 1835.7   20 1835.7   21 1835.7   22 1835.7   23 1835.7   24 1835.7
  25 1835.7   26 1835.7   27 1835.7   28 1835.7   29 1835.7   30 1835.7   31 1835.7   32 1835.7
  33 1835.6   34 1835.6   35 1835.6   36 1835.6   37 1835.6   38 1835.6   39 1835.6   40 1835.6
  41 1835.6   42 1835.6   43 1835.6   44 1835.6   45 1835.6   46 1835.6   47 1835.6   48 1835.6
  49 1834.1   50 1834.1   51 1834.1   52 1834.1   53 1834.1   54 1834.1   55 1834.1   56 1834.1
  57 1834.1   58 1834.1   59 1834.1   60 1834.1   61 1834.1   62 1834.1   63 1834.1   64 1834.1
  65 1834.5   66 1834.5   67 1834.5   68 1834.5   69 1834.5   70 1834.5   71 1834.5   72 1834.5
  73 1834.5   74 1834.5   75 1834.5   76 1834.5   77 1834.5   78 1834.5   79 1834.5   80 1834.5
  81 1831.3   82 1831.3   83 1831.3   84 1831.3   85 1831.3   86 1831.3   87 1831.3   88 1831.3
  89 1831.3   90 1831.3   91 1831.3   92 1831.3   93 1831.3   94 1831.3   95 1831.3   96 1831.3
  97 1834.3   98 1834.3   99 1834.3  100 1834.3  101 1834.3  102 1834.3  103 1834.3  104 1834.3
 105 1834.3  106 1834.3  107 1834.3  108 1834.3  109 1834.3  110 1834.3  111 1834.3  112 1834.3
 113 1834.0  114 1834.0  115 1834.0  116 1834.0  117 1834.0  118 1834.0  119 1834.0  120 1834.0
 121 1834.0  122 1834.0  123 1834.0  124 1834.0  125 1834.0  126 1834.0  127 1834.0  128 1834.0
 129 1834.2  130 1834.2  131 1834.2  132 1834.2  133 1834.2  134 1834.2  135 1834.2  136 1834.2
 137 1834.2  138 1834.2  139 1834.2  140 1834.2  141 1834.2  142 1834.2  143 1834.2  144 1834.2
 145 1837.1  146 1837.1  147 1837.1  148 1837.1  149 1837.1  150 1837.1  151 1837.1  152 1837.1
 153 1837.1  154 1837.1  155 1837.1  156 1837.1  157 1837.1  158 1837.1  159 1837.1  160 1837.1
 161 1837.1  162 1837.1  163 1837.1  164 1837.1  165 1837.1  166 1837.1  167 1837.1  168 1837.1
 169 1837.1  170 1837.1  171 1837.1  172 1837.1  173 1837.1  174 1837.1  175 1837.1  176 1837.1
 177 1838.7  178 1838.7  179 1838.7  180 1838.7  181 1838.7  182 1838.7  183 1838.7  184 1838.7
 185 1838.7  186 1838.7  187 1838.7  188 1838.7  189 1838.7  190 1838.7  191 1838.7  192 1838.7
 193 1843.6  194 1843.6  195 1843.6  196 1843.6  197 1843.6  198 1843.6  199 1843.6  200 1843.6
 201 1843.6  202 1843.6  203 1843.6  204 1843.6  205 1843.6  206 1843.6  207 1843.6  208 1843.6
 209 1840.2  210 1840.2  211 1840.2  212 1840.2  213 1840.2  214 1840.2  215 1840.2  216 1840.2
 217 1840.2  218 1840.2  219 1840.2  220 1840.2  221 1840.2  222 1840.2  223 1840.2  224 1840.2
 225 1838.7  226 1838.7  227 1838.7  228 1838.7  229 1838.7  230 1838.7  231 1838.7  232 1838.7
 233 1838.7  234 1838.7  235 1838.7  236 1838.7  237 1838.7  238 1838.7  239 1838.7  240 1838.7
 241 1837.2  242 1837.2  243 1837.2  244 1837.2  245 1837.2  246 1837.2  247 1837.2  248 1837.2
 249 1837.2  250 1837.2  251 1837.2  252 1837.2  253 1837.2  254 1837.2  255 1837.2  256 1837.2
 257 1839.8  258 1839.8  259 1839.8  260 1839.8  261 1839.8  262 1839.8  263 1839.8  264 1839.8
 265 1839.8  266 1839.8  267 1839.8  268 1839.8  269 1839.8  270 1839.8  271 1839.8  272 1839.8
 273 1837.4  274 1837.4  275 1837.4  276 1837.4  277 1837.4  278 1837.4  279 1837.4  280 1837.4
 281 1837.4  282 1837.4  283 1837.4  284 1837.4  285 1837.4  286 1837.4  287 1837.4  288 1837.4
 289 1843.6  290 1843.6  291 1843.6  292 1843.6  293 1843.6  294 1843.6  295 1843.6  296 1843.6
 297 1843.6  298 1843.6  299 1843.6  300 1843.6  301 1843.6  302 1843.6  303 1843.6  304 1843.6
 305 1839.8  306 1839.8  307 1839.8  308 1839.8  309 1839.8  310 1839.8  311 1839.8  312 1839.8
 313 1839.8  314 1839.8  315 1839.8  316 1839.8  317 1839.8  318 1839.8  319 1839.8  320 1839.8
 321 1841.9  322 1841.9  323 1841.9  324 1841.9  325 1841.9  326 1841.9  327 1841.9  328 1841.9
 329 1841.9  330 1841.9  331 1841.9  332 1841.9  333 1841.9  334 1841.9  335 1841.9  336 1841.9
 337 1840.9  338 1840.9  339 1840.9  340 1840.9  341 1840.9  342 1840.9  343 1840.9  344 1840.9
 345 1840.9  346 1840.9  347 1840.9  348 1840.9  349 1840.9  350 1840.9  351 1840.9  352 1840.9
 353 1841.4  354 1841.4  355 1841.4  356 1841.4  357 1841.4  358 1841.4  359 1841.4  360 1841.4
 361 1841.4  362 1841.4  363 1841.4  364 1841.4  365 1841.4  366 1841.4  367 1841.4  368 1841.4
TTD Lookup Table
2.550e-08
647
0.00e+00 0.00e+00 0.00e+00 0.00e+00 0.00e+00 0.00e+00 0.00e+00 0.00e+00 0.00e+00 0.00e+00
0.00e+00 0.00e+00 0.00e+00 0.00e+00 0.00e+00 0.00e+00 0.00e+00 0.00e+00 0.00e+00 0.00e+00
0.00e+00 0.00e+00 0.00e+00 0.00e+00 0.00e+00 0.00e+00 0.00e+00 0.00e+00 0.00e+00 0.00e+00
0.00e+00 0.00e+00 0.00e+00 0.00e+00 0.00e+00 0.00e+00 0.00e+00 0.00e+00 0.00e+00 0.00e+00
0.00e+00 0.00e+00 0.00e+00 0.00e+00 0.00e+00 0.00e+00 0.00e+00 0.00e+00 0.00e+00 0.00e+00
1.57e-03 3.72e-03 6.60e-03 1.05e-02 1.55e-02 2.17e-02 2.93e-02 3.87e-02 4.96e-02 6.23e-02
7.71e-02 9.45e-02 1.14e-01 1.36e-01 1.59e-01 1.85e-01 2.13e-01 2.42e-01 2.74e-01 3.08e-01
3.42e-01 3.78e-01 4.13e-01 4.51e-01 4.89e-01 5.27e-01 5.65e-01 6.06e-01 6.47e-01 6.87e-01
7.28e-01 7.70e-01 8.12e-01 8.54e-01 8.96e-01 9.41e-01 9.84e-01 1.03e+00 1.07e+00 1.11e+00
1.16e+00 1.20e+00 1.25e+00 1.29e+00 1.34e+00 1.38e+00 1.43e+00 1.47e+00 1.52e+00 1.57e+00
1.61e+00 1.66e+00 1.70e+00 1.75e+00 1.79e+00 1.84e+00 1.89e+00 1.93e+00 1.98e+00 2.03e+00
2.07e+00 2.12e+00 2.16e+00 2.21e+00 2.25e+00 2.30e+00 2.34e+00 2.39e+00 2.43e+00 2.48e+00
2.52e+00 2.56e+00 2.60e+00 2.65e+00 2.69e+00 2.73e+00 2.77e+00 2.81e+00 2.84e+00 2.88e+00
2.92e+00 2.95e+00 2.99e+00 3.02e+00 3.06e+00 3.09e+00 3.12e+00 3.15e+00 3.18e+00 3.21e+00
3.24e+00 3.27e+00 3.30e+00 3.33e+00 3.36e+00 3.39e+00 3.41e+00 3.44e+00 3.47e+00 3.50e+00
3.53e+00 3.55e+00 3.58e+00 3.61e+00 3.64e+00 3.67e+00 3.69e+00 3.72e+00 3.75e+00 3.77e+00
3.80e+00 3.83e+00 3.86e+00 3.88e+00 3.91e+00 3.94e+00 3.96e+00 3.99e+00 4.01e+00 4.04e+00
4.07e+00 4.09e+00 4.12e+00 4.14e+00 4.17e+00 4.20e+00 4.22e+00 4.25e+00 4.27e+00 4.30e+00
4.32e+00 4.35e+00 4.37e+00 4.40e+00 4.42e+00 4.45e+00 4.47e+00 4.50e+00 4.52e+00 4.55e+00
4.57e+00 4.60e+00 4.62e+00 4.64e+00 4.67e+00 4.69e+00 4.72e+00 4.74e+00 4.77e+00 4.79e+00
4.81e+00 4.84e+00 4.86e+00 4.89e+00 4.91e+00 4.94e+00 4.96e+00 4.99e+00 5.01e+00 5.03e+00
5.06e+00 5.08e+00 5.11e+00 5.13e+00 5.15e+00 5.18e+00 5.20e+00 5.23e+00 5.25e+00 5.27e+00
5.30e+00 5.32e+00 5.35e+00 5.37e+00 5.39e+00 5.42e+00 5.44e+00 5.47e+00 5.49e+00 5.51e+00
5.54e+00 5.56e+00 5.58e+00 5.61e+00 5.63e+00 5.65e+00 5.68e+00 5.70e+00 5.72e+00 5.75e+00
5.77e+00 5.79e+00 5.82e+00 5.84e+00 5.86e+00 5.89e+00 5.91e+00 5.93e+00 5.96e+00 5.98e+00
6.00e+00 6.03e+00 6.05e+00 6.08e+00 6.10e+00 6.12e+00 6.15e+00 6.17e+00 6.19e+00 6.22e+00
6.24e+00 6.27e+00 6.29e+00 6.31e+00 6.34e+00 6.36e+00 6.39e+00 6.41e+00 6.43e+00 6.46e+00
6.48e+00 6.50e+00 6.53e+00 6.55e+00 6.58e+00 6.60e+00 6.62e+00 6.65e+00 6.68e+00 6.70e+00
6.72e+00 6.75e+00 6.77e+00 6.79e+00 6.82e+00 6.84e+00 6.87e+00 6.89e+00 6.91e+00 6.94e+00
6.96e+00 6.99e+00 7.01e+00 7.03e+00 7.06e+00 7.08e+00 7.11e+00 7.13e+00 7.15e+00 7.18e+00
7.20e+00 7.23e+00 7.25e+00 7.27e+00 7.30e+00 7.32e+00 7.35e+00 7.37e+00 7.39e+00 7.42e+00
7.44e+00 7.47e+00 7.49e+00 7.51e+00 7.54e+00 7.56e+00 7.58e+00 7.61e+00 7.63e+00 7.66e+00
7.68e+00 7.70e+00 7.73e+00 7.75e+00 7.78e+00 7.80e+00 7.82e+00 7.85e+00 7.87e+00 7.89e+00
7.92e+00 7.94e+00 7.96e+00 7.99e+00 8.01e+00 8.04e+00 8.06e+00 8.08e+00 8.11e+00 8.13e+00
8.15e+00 8.18e+00 8.20e+00 8.23e+00 8.25e+00 8.27e+00 8.30e+00 8.32e+00 8.34e+00 8.37e+00
8.39e+00 8.41e+00 8.44e+00 8.46e+00 8.49e+00 8.51e+00 8.53e+00 8.56e+00 8.58e+00 8.60e+00
8.63e+00 8.65e+00 8.67e+00 8.70e+00 8.72e+00 8.75e+00 8.77e+00 8.79e+00 8.81e+00 8.84e+00
8.86e+00 8.89e+00 8.91e+00 8.93e+00 8.96e+00 8.98e+00 9.00e+00 9.03e+00 9.05e+00 9.07e+00
9.10e+00 9.12e+00 9.14e+00 9.17e+00 9.19e+00 9.21e+00 9.24e+00 9.26e+00 9.28e+00 9.31e+00
9.33e+00 9.36e+00 9.38e+00 9.40e+00 9.43e+00 9.45e+00 9.47e+00 9.50e+00 9.52e+00 9.54e+00
9.57e+00 9.59e+00 9.61e+00 9.64e+00 9.66e+00 9.68e+00 9.71e+00 9.73e+00 9.75e+00 9.78e+00
9.80e+00 9.82e+00 9.85e+00 9.87e+00 9.89e+00 9.92e+00 9.94e+00 9.96e+00 9.99e+00 1.00e+01
1.00e+01 1.01e+01 1.01e+01 1.01e+01 1.01e+01 1.02e+01 1.02e+01 1.02e+01 1.02e+01 1.02e+01
1.03e+01 1.03e+01 1.03e+01 1.03e+01 1.04e+01 1.04e+01 1.04e+01 1.04e+01 1.05e+01 1.05e+01
1.05e+01 1.05e+01 1.05e+01 1.06e+01 1.06e+01 1.06e+01 1.06e+01 1.07e+01 1.07e+01 1.07e+01
1.07e+01 1.08e+01 1.08e+01 1.08e+01 1.08e+01 1.09e+01 1.09e+01 1.09e+01 1.09e+01 1.09e+01
1.10e+01 1.10e+01 1.10e+01 1.10e+01 1.11e+01 1.11e+01 1.11e+01 1.11e+01 1.12e+01 1.12e+01
1.12e+01 1.12e+01 1.12e+01 1.13e+01 1.13e+01 1.13e+01 1.13e+01 1.14e+01 1.14e+01 1.14e+01
1.14e+01 1.15e+01 1.15e+01 1.15e+01 1.15e+01 1.15e+01 1.16e+01 1.16e+01 1.16e+01 1.16e+01
1.17e+01 1.17e+01 1.17e+01 1.17e+01 1.18e+01 1.18e+01 1.18e+01 1.18e+01 1.19e+01 1.19e+01
1.19e+01 1.19e+01 1.19e+01 1.20e+01 1.20e+01 1.20e+01 1.20e+01 1.21e+01 1.21e+01 1.21e+01
1.21e+01 1.22e+01 1.22e+01 1.22e+01 1.22e+01 1.22e+01 1.23e+01 1.23e+01 1.23e+01 1.23e+01
1.24e+01 1.24e+01 1.24e+01 1.24e+01 1.25e+01 1.25e+01 1.25e+01 1.25e+01 1.25e+01 1.26e+01
1.26e+01 1.26e+01 1.26e+01 1.27e+01 1.27e+01 1.27e+01 1.27e+01 1.28e+01 1.28e+01 1.28e+01
1.28e+01 1.28e+01 1.29e+01 1.29e+01 1.29e+01 1.29e+01 1.30e+01 1.30e+01 1.30e+01 1.30e+01
1.31e+01 1.31e+01 1.31e+01 1.31e+01 1.31e+01 1.32e+01 1.32e+01 1.32e+01 1.32e+01 1.33e+01
1.33e+01 1.33e+01 1.33e+01 1.34e+01 1.34e+01 1.34e+01 1.34e+01 1.34e+01 1.35e+01 1.35e+01
1.35e+01 1.35e+01 1.36e+01 1.36e+01 1.36e+01 1.36e+01 1.37e+01 1.37e+01 1.37e+01 1.37e+01
1.37e+01 1.38e+01 1.38e+01 1.38e+01 1.38e+01 1.39e+01 1.39e+01 1.39e+01 1.39e+01 1.40e+01
1.40e+01 1.40e+01 1.40e+01 1.40e+01 1.41e+01 1.41e+01 1.41e+01 1.41e+01 1.42e+01 1.42e+01
1.42e+01 1.42e+01 1.42e+01 1.43e+01 1.43e+01 1.43e+01 1.43e+01 1.43e+01 1.44e+01 1.44e+01
1.44e+01 1.44e+01 1.45e+01 1.45e+01 1.45e+01 1.45e+01 1.45e+01 1.45e+01 1.46e+01 1.46e+01
1.46e+01 1.46e+01 1.46e+01 1.47e+01 1.47e+01 1.47e+01 1.47e+01 1.47e+01 1.47e+01 1.48e+01
1.48e+01 1.48e+01 1.48e+01 1.48e+01 1.48e+01 1.48e+01 1.49e+01 1.49e+01 1.49e+01 1.49e+01
1.49e+01 1.49e+01 1.49e+01 1.49e+01 1.49e+01 1.50e+01 1.50e+01 1.51e+01 1.51e+01 1.51e+01
1.51e+01 1.51e+01 1.51e+01 1.51e+01 1.51e+01 1.51e+01 1.51e+01 1.51e+01 1.51e+01 1.51e+01
1.51e+01 1.51e+01 1.51e+01 1.51e+01 1.51e+01 1.51e+01 1.51e+01 1.51e+01 1.51e+01 1.51e+01
1.51e+01 1.51e+01 1.51e+01 1.51e+01 1.51e+01 1.51e+01 1.51e+01 1.51e+01 1.51e+01 1.51e+01
1.51e+01 1.51e+01 1.51e+01 1.51e+01 1.51e+01 1.51e+01 1.51e+01 1.51e+01 1.51e+01 1.51e+01
1.51e+01 1.51e+01 1.51e+01 1.51e+01 1.51e+01 1.51e+01 1.51e+01 1.51e+01 1.51e+01 1.51e+01
1.51e+01 1.51e+01 1.51e+01 1.51e+01 1.51e+01 1.51e+01 1.51e+01 1.51e+01 1.51e+01 1.51e+01
1.51e+01 1.51e+01 1.51e+01 1.51e+01 1.51e+01 1.51e+01 1.51e+01 1.51e+01 1.51e+01 1.51e+01
1.51e+01 1.51e+01 1.51e+01 1.51e+01 1.51e+01 1.51e+01 1.51e+01 1.51e+01 1.51e+01 1.51e+01
1.51e+01 1.51e+01 1.51e+01 1.51e+01 1.51e+01 1.51e+01 1.51e+01 1.51e+01 1.51e+01 1.51e+01
1.51e+01 1.51e+01 1.51e+01 1.51e+01 1.51e+01 1.51e+01 1.51e+01 1.51e+01 1.51e+01 1.51e+01
1.51e+01 1.51e+01 1.51e+01 1.51e+01 1.51e+01 1.51e+01 1.51e+01 1.51e+01 1.51e+01 1.51e+01
1.51e+01 1.51e+01 1.51e+01 1.51e+01 1.51e+01 1.51e+01 1.51e+01 1.51e+01 1.51e+01 1.51e+01
1.51e+01 1.51e+01 1.51e+01 1.51e+01 1.51e+01 1.51e+01 1.51e+01 1.51e+01 1.51e+01 1.51e+01
1.51e+01 1.51e+01 1.51e+01 1.51e+01 1.51e+01 1.51e+01 1.51e+01 1.51e+01 1.51e+01 1.51e+01
1.51e+01 1.51e+01 1.51e+01 1.51e+01 1.51e+01 1.51e+01 1.51e+01 1.51e+01 7.99e-44
[ R.vdc.u2 ]
1      11       0          95
1      12       0          95
1      13       0          95
1      14       0          79
0.3327 1.02793  -0.0042426 -45.0               z, wbeg, wspac,, wangle (m)
4.953e4                                        Drift velocity (m/s)
TDC Offset Values
   1 1823.5    2 1823.5    3 1823.5    4 1823.5    5 1823.5    6 1823.5    7 1823.5    8 1823.5
   9 1823.5   10 1823.5   11 1823.5   12 1823.5   13 1823.5   14 1823.5   15 1823.5   16 1823.5
  17 1824.1   18 1824.1   19 1824.1   20 1824.1   21 1824.1   22 1824.1   23 1824.1   24 1824.1
  25 1824.1   26 1824.1   27 1824.1   28 1824.1   29 1824.1   30 1824.1   31 1824.1   32 1824.1
  33 1822.0   34 1822.0   35 1822.0   36 1822.0   37 1822.0   38 1822.0   39 1822.0   40 1822.0
  41 1822.0   42 1822.0   43 1822.0   44 1822.0   45 1822.0   46 1822.0   47 1822.0   48 1822.0
  49 1821.0   50 1821.0   51 1821.0   52 1821.0   53 1821.0   54 1821.0   55 1821.0   56 1821.0
  57 1821.0   58 1821.0   59 1821.0   60 1821.0   61 1821.0   62 1821.0   63 1821.0   64 1821.0
  65 1820.9   66 1820.9   67 1820.9   68 1820.9   69 1820.9   70 1820.9   71 1820.9   72 1820.9
  73 1820.9   74 1820.9   75 1820.9   76 1820.9   77 1820.9   78 1820.9   79 1820.9   80 1820.9
  81 1819.9   82 1819.9   83 1819.9   84 1819.9   85 1819.9   86 1819.9   87 1819.9   88 1819.9
  89 1819.9   90 1819.9   91 1819.9   92 1819.9   93 1819.9   94 1819.9   95 1819.9   96 1819.9
  97 1824.6   98 1824.6   99 1824.6  100 1824.6  101 1824.6  102 1824.6  103 1824.6  104 1824.6
 105 1824.6  106 1824.6  107 1824.6  108 1824.6  109 1824.6  110 1824.6  111 1824.6  112 1824.6
 113 1823.6  114 1823.6  115 1823.6  116 1823.6  117 1823.6  118 1823.6  119 1823.6  120 1823.6
 121 1823.6  122 1823.6  123 1823.6  124 1823.6  125 1823.6  126 1823.6  127 1823.6  128 1823.6
 129 1824.3  130 1824.3  131 1824.3  132 1824.3  133 1824.3  134 1824.3  135 1824.3  136 1824.3
 137 1824.3  138 1824.3  139 1824.3  140 1824.3  141 1824.3  142 1824.3  143 1824.3  144 1824.3
 145 1824.8  146 1824.8  147 1824.8  148 1824.8  149 1824.8  150 1824.8  151 1824.8  152 1824.8
 153 1824.8  154 1824.8  155 1824.8  156 1824.8  157 1824.8  158 1824.8  159 1824.8  160 1824.8
 161 1826.5  162 1826.5  163 1826.5  164 1826.5  165 1826.5  166 1826.5  167 1826.5  168 1826.5
 169 1826.5  170 1826.5  171 1826.5  172 1826.5  173 1826.5  174 1826.5  175 1826.5  176 1826.5
 177 1826.8  178 1826.8  179 1826.8  180 1826.8  181 1826.8  182 1826.8  183 1826.8  184 1826.8
 185 1826.8  186 1826.8  187 1826.8  188 1826.8  189 1826.8  190 1826.8  191 1826.8  192 1826.8
 193 1829.5  194 1829.5  195 1829.5  196 1829.5  197 1829.5  198 1829.5  199 1829.5  200 1829.5
 201 1829.5  202 1829.5  203 1829.5  204 1829.5  205 1829.5  206 1829.5  207 1829.5  208 1829.5
 209 1828.8  210 1828.8  211 1828.8  212 1828.8  213 1828.8  214 1828.8  215 1828.8  216 1828.8
 217 1828.8  218 1828.8  219 1828.8  220 1828.8  221 1828.8  222 1828.8  223 1828.8  224 1828.8
 225 1827.7  226 1827.7  227 1827.7  228 1827.7  229 1827.7  230 1827.7  231 1827.7  232 1827.7
 233 1827.7  234 1827.7  235 1827.7  236 1827.7  237 1827.7  238 1827.7  239 1827.7  240 1827.7
 241 1825.2  242 1825.2  243 1825.2  244 1825.2  245 1825.2  246 1825.2  247 1825.2  248 1825.2
 249 1825.2  250 1825.2  251 1825.2  252 1825.2  253 1825.2  254 1825.2  255 1825.2  256 1825.2
 257 1828.8  258 1828.8  259 1828.8  260 1828.8  261 1828.8  262 1828.8  263 1828.8  264 1828.8
 265 1828.8  266 1828.8  267 1828.8  268 1828.8  269 1828.8  270 1828.8  271 1828.8  272 1828.8
 273 1830.2  274 1830.2  275 1830.2  276 1830.2  277 1830.2  278 1830.2  279 1830.2  280 1830.2
 281 1830.2  282 1830.2  283 1830.2  284 1830.2  285 1830.2  286 1830.2  287 1830.2  288 1830.2
 289 1832.7  290 1832.7  291 1832.7  292 1832.7  293 1832.7  294 1832.7  295 1832.7  296 1832.7
 297 1832.7  298 1832.7  299 1832.7  300 1832.7  301 1832.7  302 1832.7  303 1832.7  304 1832.7
 305 1833.0  306 1833.0  307 1833.0  308 1833.0  309 1833.0  310 1833.0  311 1833.0  312 1833.0
 313 1833.0  314 1833.0  315 1833.0  316 1833.0  317 1833.0  318 1833.0  319 1833.0  320 1833.0
 321 1832.9  322 1832.9  323 1832.9  324 1832.9  325 1832.9  326 1832.9  327 1832.9  328 1832.9
 329 1832.9  330 1832.9  331 1832.9  332 1832.9  333 1832.9  334 1832.9  335 1832.9  336 1832.9
 337 1835.6  338 1835.6  339 1835.6  340 1835.6  341 1835.6  342 1835.6  343 1835.6  344 1835.6
 345 1835.6  346 1835.6  347 1835.6  348 1835.6  349 1835.6  350 1835.6  351 1835.6  352 1835.6
 353 1832.9  354 1832.9  355 1832.9  356 1832.9  357 1832.9  358 1832.9  359 1832.9  360 1832.9
 361 1832.9  362 1832.9  363 1832.9  364 1832.9  365 1832.9  366 1832.9  367 1832.9  368 1832.9
00 0.00e+00 0.00e+00 0.00e+00 0.00e+00 0.00e+00 0.00e+00
0.00e+00 0.00e+00 0.00e+00 0.00e+00 0.00e+00 0.00e+00 0.00e+00 0.00e+00 0.00e+00 0.00e+00
0.00e+00 0.00e+00 0.00e+00 0.00e+00 0.00e+00 0.00e+00 0.00e+00 0.00e+00 0.00e+00 0.00e+00
0.00e+00 0.00e+00 0.00e+00 0.00e+00 0.00e+00 0.00e+00 0.00e+00 0.00e+00 0.00e+00 0.00e+00
0.00e+00 0.00e+00 0.00e+00 0.00e+00 0.00e+00 0.00e+00 0.00e+00 0.00e+00 0.00e+00 0.00e+00
0.00e+00 0.00e+00 0.00e+00 0.00e+00 0.00e+00 2.10e-03 4.91e-03 8.89e-03 1.45e-02 2.13e-02
3.02e-02 4.15e-02 5.54e-02 7.13e-02 8.95e-02 1.11e-01 1.35e-01 1.60e-01 1.92e-01 2.23e-01
2.55e-01 2.88e-01 3.23e-01 3.60e-01 3.98e-01 4.36e-01 4.74e-01 5.15e-01 5.55e-01 5.96e-01
6.37e-01 6.81e-01 7.23e-01 7.66e-01 8.09e-01 8.54e-01 8.98e-01 9.43e-01 9.87e-01 1.03e+00
1.08e+00 1.12e+00 1.17e+00 1.22e+00 1.26e+00 1.31e+00 1.35e+00 1.40e+00 1.45e+00 1.50e+00
1.54e+00 1.59e+00 1.64e+00 1.68e+00 1.73e+00 1.78e+00 1.83e+00 1.87e+00 1.92e+00 1.97e+00
2.01e+00 2.06e+00 2.11e+00 2.16e+00 2.20e+00 2.25e+00 2.29e+00 2.34e+00 2.39e+00 2.43e+00
2.47e+00 2.52e+00 2.56e+00 2.61e+00 2.65e+00 2.69e+00 2.73e+00 2.77e+00 2.81e+00 2.85e+00
2.89e+00 2.93e+00 2.96e+00 3.00e+00 3.03e+00 3.07e+00 3.10e+00 3.13e+00 3.16e+00 3.19e+00
3.22e+00 3.25e+00 3.28e+00 3.31e+00 3.33e+00 3.36e+00 3.39e+00 3.42e+00 3.45e+00 3.48e+00
3.51e+00 3.54e+00 3.57e+00 3.60e+00 3.62e+00 3.65e+00 3.68e+00 3.71e+00 3.74e+00 3.77e+00
3.79e+00 3.82e+00 3.85e+00 3.88e+00 3.91e+00 3.94e+00 3.96e+00 3.99e+00 4.02e+00 4.05e+00
4.07e+00 4.10e+00 4.12e+00 4.15e+00 4.18e+00 4.21e+00 4.23e+00 4.26e+00 4.29e+00 4.31e+00
4.34e+00 4.36e+00 4.39e+00 4.42e+00 4.44e+00 4.47e+00 4.49e+00 4.52e+00 4.55e+00 4.57e+00
4.60e+00 4.62e+00 4.65e+00 4.67e+00 4.70e+00 4.72e+00 4.75e+00 4.78e+00 4.80e+00 4.83e+00
4.85e+00 4.88e+00 4.90e+00 4.93e+00 4.95e+00 4.98e+00 5.00e+00 5.03e+00 5.05e+00 5.08e+00
5.10e+00 5.13e+00 5.15e+00 5.18e+00 5.20e+00 5.23e+00 5.25e+00 5.28e+00 5.30e+00 5.33e+00
5.35e+00 5.38e+00 5.40e+00 5.43e+00 5.45e+00 5.48e+00 5.50e+00 5.52e+00 5.55e+00 5.57e+00
5.60e+00 5.62e+00 5.65e+00 5.67e+00 5.69e+00 5.72e+00 5.74e+00 5.77e+00 5.79e+00 5.82e+00
5.84e+00 5.86e+00 5.89e+00 5.91e+00 5.94e+00 5.96e+00 5.99e+00 6.01e+00 6.03e+00 6.06e+00
6.08e+00 6.11e+00 6.13e+00 6.16e+00 6.18e+00 6.21e+00 6.23e+00 6.26e+00 6.28e+00 6.30e+00
6.33e+00 6.35e+00 6.38e+00 6.40e+00 6.43e+00 6.45e+00 6.48e+00 6.50e+00 6.53e+00 6.55e+00
6.58e+00 6.60e+00 6.62e+00 6.65e+00 6.68e+00 6.70e+00 6.72e+00 6.75e+00 6.78e+00 6.80e+00
6.82e+00 6.85e+00 6.87e+00 6.90e+00 6.92e+00 6.95e+00 6.97e+00 7.00e+00 7.02e+00 7.05e+00
7.07e+00 7.10e+00 7.12e+00 7.15e+00 7.17e+00 7.20e+00 7.22e+00 7.25e+00 7.27e+00 7.30e+00
7.32e+00 7.35e+00 7.37e+00 7.40e+00 7.42e+00 7.45e+00 7.47e+00 7.50e+00 7.52e+00 7.55e+00
7.57e+00 7.60e+00 7.62e+00 7.64e+00 7.67e+00 7.69e+00 7.72e+00 7.74e+00 7.77e+00 7.79e+00
7.82e+00 7.84e+00 7.87e+00 7.89e+00 7.92e+00 7.94e+00 7.97e+00 7.99e+00 8.01e+00 8.04e+00
8.06e+00 8.09e+00 8.11e+00 8.14e+00 8.16e+00 8.19e+00 8.21e+00 8.23e+00 8.26e+00 8.28e+00
8.31e+00 8.33e+00 8.36e+00 8.38e+00 8.40e+00 8.43e+00 8.45e+00 8.48e+00 8.51e+00 8.53e+00
8.56e+00 8.58e+00 8.60e+00 8.63e+00 8.65e+00 8.68e+00 8.70e+00 8.73e+00 8.75e+00 8.77e+00
8.80e+00 8.82e+00 8.85e+00 8.87e+00 8.90e+00 8.92e+00 8.94e+00 8.97e+00 8.99e+00 9.02e+00
9.04e+00 9.07e+00 9.09e+00 9.11e+00 9.14e+00 9.16e+00 9.19e+00 9.21e+00 9.24e+00 9.26e+00
9.28e+00 9.31e+00 9.33e+00 9.36e+00 9.38e+00 9.41e+00 9.43e+00 9.45e+00 9.48e+00 9.50e+00
9.53e+00 9.55e+00 9.57e+00 9.60e+00 9.62e+00 9.65e+00 9.67e+00 9.70e+00 9.72e+00 9.75e+00
9.77e+00 9.79e+00 9.82e+00 9.84e+00 9.87e+00 9.89e+00 9.91e+00 9.94e+00 9.96e+00 9.99e+00
1.00e+01 1.00e+01 1.01e+01 1.01e+01 1.01e+01 1.01e+01 1.02e+01 1.02e+01 1.02e+01 1.02e+01
1.03e+01 1.03e+01 1.03e+01 1.03e+01 1.04e+01 1.04e+01 1.04e+01 1.04e+01 1.05e+01 1.05e+01
1.05e+01 1.05e+01 1.05e+01 1.06e+01 1.06e+01 1.06e+01 1.06e+01 1.07e+01 1.07e+01 1.07e+01
1.07e+01 1.08e+01 1.08e+01 1.08e+01 1.08e+01 1.09e+01 1.09e+01 1.09e+01 1.09e+01 1.10e+01
1.10e+01 1.10e+01 1.10e+01 1.11e+01 1.11e+01 1.11e+01 1.11e+01 1.11e+01 1.12e+01 1.12e+01
1.12e+01 1.12e+01 1.13e+01 1.13e+01 1.13e+01 1.13e+01 1.14e+01 1.14e+01 1.14e+01 1.14e+01
1.15e+01 1.15e+01 1.15e+01 1.15e+01 1.16e+01 1.16e+01 1.16e+01 1.16e+01 1.17e+01 1.17e+01
1.17e+01 1.17e+01 1.17e+01 1.18e+01 1.18e+01 1.18e+01 1.18e+01 1.19e+01 1.19e+01 1.19e+01
1.19e+01 1.20e+01 1.20e+01 1.20e+01 1.20e+01 1.21e+01 1.21e+01 1.21e+01 1.21e+01 1.22e+01
1.22e+01 1.22e+01 1.22e+01 1.23e+01 1.23e+01 1.23e+01 1.23e+01 1.24e+01 1.24e+01 1.24e+01
1.24e+01 1.24e+01 1.25e+01 1.25e+01 1.25e+01 1.25e+01 1.26e+01 1.26e+01 1.26e+01 1.26e+01
1.27e+01 1.27e+01 1.27e+01 1.27e+01 1.28e+01 1.28e+01 1.28e+01 1.28e+01 1.29e+01 1.29e+01
1.29e+01 1.29e+01 1.29e+01 1.30e+01 1.30e+01 1.30e+01 1.30e+01 1.31e+01 1.31e+01 1.31e+01
1.31e+01 1.32e+01 1.32e+01 1.32e+01 1.32e+01 1.33e+01 1.33e+01 1.33e+01 1.33e+01 1.34e+01
1.34e+01 1.34e+01 1.34e+01 1.34e+01 1.35e+01 1.35e+01 1.35e+01 1.35e+01 1.36e+01 1.36e+01
1.36e+01 1.36e+01 1.37e+01 1.37e+01 1.37e+01 1.37e+01 1.38e+01 1.38e+01 1.38e+01 1.38e+01
1.39e+01 1.39e+01 1.39e+01 1.39e+01 1.39e+01 1.40e+01 1.40e+01 1.40e+01 1.40e+01 1.41e+01
1.41e+01 1.41e+01 1.41e+01 1.42e+01 1.42e+01 1.42e+01 1.42e+01 1.43e+01 1.43e+01 1.43e+01
1.43e+01 1.43e+01 1.44e+01 1.44e+01 1.44e+01 1.44e+01 1.45e+01 1.45e+01 1.45e+01 1.45e+01
1.45e+01 1.46e+01 1.46e+01 1.46e+01 1.46e+01 1.46e+01 1.47e+01 1.47e+01 1.47e+01 1.47e+01
1.47e+01 1.47e+01 1.48e+01 1.48e+01 1.48e+01 1.48e+01 1.48e+01 1.48e+01 1.48e+01 1.49e+01
1.49e+01 1.49e+01 1.49e+01 1.49e+01 1.49e+01 1.49e+01 1.49e+01 1.50e+01 1.50e+01 1.50e+01
1.50e+01 1.50e+01 1.50e+01 1.50e+01 1.50e+01 1.50e+01 1.50e+01 1.50e+01 1.50e+01 1.50e+01
1.50e+01 1.51e+01 1.51e+01 1.51e+01 1.51e+01 1.51e+01 1.51e+01 1.51e+01 1.51e+01 1.51e+01
1.51e+01 1.51e+01 1.51e+01 1.51e+01 1.51e+01 1.51e+01 1.51e+01 1.51e+01 1.51e+01 1.51e+01
1.51e+01 1.51e+01 1.51e+01 1.51e+01 1.51e+01 1.51e+01 1.51e+01 1.51e+01 1.51e+01 1.51e+01
1.51e+01 1.51e+01 1.51e+01 1.51e+01 1.51e+01 1.51e+01 1.51e+01 1.51e+01 1.51e+01 1.51e+01
1.51e+01 1.51e+01 1.51e+01 1.51e+01 1.51e+01 1.51e+01 1.51e+01 1.51e+01 1.51e+01 1.51e+01
1.51e+01 1.51e+01 1.51e+01 1.51e+01 1.51e+01 1.51e+01 1.51e+01 1.51e+01 1.51e+01 1.51e+01
1.51e+01 1.51e+01 1.51e+01 1.51e+01 1.51e+01 1.51e+01 1.51e+01 1.51e+01 1.51e+01 1.51e+01
1.51e+01 1.51e+01 1.51e+01 1.51e+01 1.51e+01 1.51e+01 1.51e+01 1.51e+01 1.51e+01 1.51e+01
1.51e+01 1.51e+01 1.51e+01 1.51e+01 1.51e+01 1.51e+01 1.51e+01 1.51e+01 1.51e+01 1.51e+01
1.51e+01 1.51e+01 1.51e+01 1.51e+01 1.51e+01 1.51e+01 1.51e+01 1.51e+01 1.51e+01 1.51e+01
1.51e+01 1.51e+01 1.51e+01 1.51e+01 1.51e+01 1.51e+01 1.51e+01 1.51e+01 1.51e+01 1.51e+01
1.51e+01 1.51e+01 1.51e+01 1.51e+01 1.51e+01 1.51e+01 1.51e+01 1.51e+01 1.51e+01 1.51e+01
1.51e+01 1.51e+01 1.51e+01 1.51e+01 1.51e+01 1.51e+01 1.51e+01 1.51e+01 1.51e+01 1.51e+01
1.51e+01 1.51e+01 1.51e+01 1.51e+01 1.51e+01 1.51e+01 1.51e+01 1.51e+01 1.51e+01 1.51e+01
1.51e+01 1.51e+01 1.51e+01 1.51e+01 1.51e+01 1.51e+01 1.51e+01 1.51e+01 1.51e+01 1.51e+01
1.51e+01 1.51e+01 1.51e+01 1.51e+01 1.51e+01 1.51e+01 1.51e+01 1.51e+01 7.99e-44
[ R.vdc.v2 ]
2       3       0         95
2       4       0         95
2       5       0         95
2       6       0         79
0.3587 1.02793 -0.0042426 45.0                 z, wbeg, wspac, wangle (m)   
4.948e4                                        Drift velocity (m/s)
TDC Offset Values
   1 1832.9    2 1832.9    3 1832.9    4 1832.9    5 1832.9    6 1832.9    7 1832.9    8 1832.9
   9 1832.9   10 1832.9   11 1832.9   12 1832.9   13 1832.9   14 1832.9   15 1832.9   16 1832.9
  17 1827.4   18 1827.4   19 1827.4   20 1827.4   21 1827.4   22 1827.4   23 1827.4   24 1827.4
  25 1827.4   26 1827.4   27 1827.4   28 1827.4   29 1827.4   30 1827.4   31 1827.4   32 1827.4
  33 1825.4   34 1825.4   35 1825.4   36 1825.4   37 1825.4   38 1825.4   39 1825.4   40 1825.4
  41 1825.4   42 1825.4   43 1825.4   44 1825.4   45 1825.4   46 1825.4   47 1825.4   48 1825.4
  49 1821.8   50 1821.8   51 1821.8   52 1821.8   53 1821.8   54 1821.8   55 1821.8   56 1821.8
  57 1821.8   58 1821.8   59 1821.8   60 1821.8   61 1821.8   62 1821.8   63 1821.8   64 1821.8
  65 1823.9   66 1823.9   67 1823.9   68 1823.9   69 1823.9   70 1823.9   71 1823.9   72 1823.9
  73 1823.9   74 1823.9   75 1823.9   76 1823.9   77 1823.9   78 1823.9   79 1823.9   80 1823.9
  81 1820.4   82 1820.4   83 1820.4   84 1820.4   85 1820.4   86 1820.4   87 1820.4   88 1820.4
  89 1820.4   90 1820.4   91 1820.4   92 1820.4   93 1820.4   94 1820.4   95 1820.4   96 1820.4
  97 1827.5   98 1827.5   99 1827.5  100 1827.5  101 1827.5  102 1827.5  103 1827.5  104 1827.5
 105 1827.5  106 1827.5  107 1827.5  108 1827.5  109 1827.5  110 1827.5  111 1827.5  112 1827.5
 113 1825.0  114 1825.0  115 1825.0  116 1825.0  117 1825.0  118 1825.0  119 1825.0  120 1825.0
 121 1825.0  122 1825.0  123 1825.0  124 1825.0  125 1825.0  126 1825.0  127 1825.0  128 1825.0
 129 1825.7  130 1825.7  131 1825.7  132 1825.7  133 1825.7  134 1825.7  135 1825.7  136 1825.7
 137 1825.7  138 1825.7  139 1825.7  140 1825.7  141 1825.7  142 1825.7  143 1825.7  144 1825.7
 145 1830.9  146 1830.9  147 1830.9  148 1830.9  149 1830.9  150 1830.9  151 1830.9  152 1830.9
 153 1830.9  154 1830.9  155 1830.9  156 1830.9  157 1830.9  158 1830.9  159 1830.9  160 1830.9
 161 1831.9  162 1831.9  163 1831.9  164 1831.9  165 1831.9  166 1831.9  167 1831.9  168 1831.9
 169 1831.9  170 1831.9  171 1831.9  172 1831.9  173 1831.9  174 1831.9  175 1831.9  176 1831.9
 177 1829.0  178 1829.0  179 1829.0  180 1829.0  181 1829.0  182 1829.0  183 1829.0  184 1829.0
 185 1829.0  186 1829.0  187 1829.0  188 1829.0  189 1829.0  190 1829.0  191 1829.0  192 1829.0
 193 1833.7  194 1833.7  195 1833.7  196 1833.7  197 1833.7  198 1833.7  199 1833.7  200 1833.7
 201 1833.7  202 1833.7  203 1833.7  204 1833.7  205 1833.7  206 1833.7  207 1833.7  208 1833.7
 209 1831.5  210 1831.5  211 1831.5  212 1831.5  213 1831.5  214 1831.5  215 1831.5  216 1831.5
 217 1831.5  218 1831.5  219 1831.5  220 1831.5  221 1831.5  222 1831.5  223 1831.5  224 1831.5
 225 1833.6  226 1833.6  227 1833.6  228 1833.6  229 1833.6  230 1833.6  231 1833.6  232 1833.6
 233 1833.6  234 1833.6  235 1833.6  236 1833.6  237 1833.6  238 1833.6  239 1833.6  240 1833.6
 241 1829.5  242 1829.5  243 1829.5  244 1829.5  245 1829.5  246 1829.5  247 1829.5  248 1829.5
 249 1829.5  250 1829.5  251 1829.5  252 1829.5  253 1829.5  254 1829.5  255 1829.5  256 1829.5
 257 1832.6  258 1832.6  259 1832.6  260 1832.6  261 1832.6  262 1832.6  263 1832.6  264 1832.6
 265 1832.6  266 1832.6  267 1832.6  268 1832.6  269 1832.6  270 1832.6  271 1832.6  272 1832.6
 273 1831.4  274 1831.4  275 1831.4  276 1831.4  277 1831.4  278 1831.4  279 1831.4  280 1831.4
 281 1831.4  282 1831.4  283 1831.4  284 1831.4  285 1831.4  286 1831.4  287 1831.4  288 1831.4
 289 1839.2  290 1839.2  291 1839.2  292 1839.2  293 1839.2  294 1839.2  295 1839.2  296 1839.2
 297 1839.2  298 1839.2  299 1839.2  300 1839.2  301 1839.2  302 1839.2  303 1839.2  304 1839.2
 305 1837.3  306 1837.3  307 1837.3  308 1837.3  309 1837.3  310 1837.3  311 1837.3  312 1837.3
 313 1837.3  314 1837.3  315 1837.3  316 1837.3  317 1837.3  318 1837.3  319 1837.3  320 1837.3
 321 1836.3  322 1836.3  323 1836.3  324 1836.3  325 1836.3  326 1836.3  327 1836.3  328 1836.3
 329 1836.3  330 1836.3  331 1836.3  332 1836.3  333 1836.3  334 1836.3  335 1836.3  336 1836.3
 337 1834.3  338 1834.3  339 1834.3  340 1834.3  341 1834.3  342 1834.3  343 1834.3  344 1834.3
 345 1834.3  346 1834.3  347 1834.3  348 1834.3  349 1834.3  350 1834.3  351 1834.3  352 1834.3
 353 1835.8  354 1835.8  355 1835.8  356 1835.8  357 1835.8  358 1835.8  359 1835.8  360 1835.8
 361 1835.8  362 1835.8  363 1835.8  364 1835.8  365 1835.8  366 1835.8  367 1835.8  368 1835.8
TTD Lookup Table
2.700e-08
644
0.00e+00 0.00e+00 0.00e+00 0.00e+00 0.00e+00 0.00e+00 0.00e+00 0.00e+00 0.00e+00 0.00e+00
0.00e+00 0.00e+00 0.00e+00 0.00e+00 0.00e+00 0.00e+00 0.00e+00 0.00e+00 0.00e+00 0.00e+00
0.00e+00 0.00e+00 0.00e+00 0.00e+00 0.00e+00 0.00e+00 0.00e+00 0.00e+00 0.00e+00 0.00e+00
0.00e+00 0.00e+00 0.00e+00 0.00e+00 0.00e+00 0.00e+00 0.00e+00 0.00e+00 0.00e+00 0.00e+00
0.00e+00 0.00e+00 0.00e+00 0.00e+00 0.00e+00 0.00e+00 0.00e+00 0.00e+00 0.00e+00 0.00e+00
0.00e+00 0.00e+00 0.00e+00 1.92e-03 4.63e-03 8.17e-03 1.25e-02 1.86e-02 2.61e-02 3.54e-02
4.60e-02 5.91e-02 7.44e-02 9.16e-02 1.11e-01 1.34e-01 1.58e-01 1.84e-01 2.14e-01 2.45e-01
2.77e-01 3.11e-01 3.45e-01 3.83e-01 4.20e-01 4.58e-01 4.95e-01 5.36e-01 5.77e-01 6.17e-01
6.58e-01 7.01e-01 7.43e-01 7.85e-01 8.26e-01 8.71e-01 9.14e-01 9.58e-01 1.00e+00 1.05e+00
1.09e+00 1.14e+00 1.18e+00 1.23e+00 1.27e+00 1.32e+00 1.36e+00 1.41e+00 1.46e+00 1.50e+00
1.55e+00 1.59e+00 1.64e+00 1.69e+00 1.73e+00 1.78e+00 1.83e+00 1.87e+00 1.92e+00 1.97e+00
2.01e+00 2.06e+00 2.10e+00 2.15e+00 2.19e+00 2.24e+00 2.28e+00 2.33e+00 2.38e+00 2.42e+00
2.46e+00 2.51e+00 2.55e+00 2.59e+00 2.64e+00 2.68e+00 2.72e+00 2.76e+00 2.80e+00 2.84e+00
2.87e+00 2.91e+00 2.95e+00 2.98e+00 3.01e+00 3.05e+00 3.08e+00 3.11e+00 3.14e+00 3.17e+00
3.20e+00 3.23e+00 3.26e+00 3.29e+00 3.31e+00 3.34e+00 3.37e+00 3.40e+00 3.43e+00 3.45e+00
3.48e+00 3.51e+00 3.54e+00 3.57e+00 3.60e+00 3.62e+00 3.65e+00 3.68e+00 3.71e+00 3.74e+00
3.76e+00 3.79e+00 3.82e+00 3.85e+00 3.87e+00 3.90e+00 3.93e+00 3.96e+00 3.98e+00 4.01e+00
4.04e+00 4.06e+00 4.09e+00 4.11e+00 4.14e+00 4.17e+00 4.19e+00 4.22e+00 4.25e+00 4.27e+00
4.30e+00 4.32e+00 4.35e+00 4.38e+00 4.40e+00 4.43e+00 4.45e+00 4.48e+00 4.50e+00 4.53e+00
4.55e+00 4.58e+00 4.60e+00 4.63e+00 4.65e+00 4.68e+00 4.70e+00 4.73e+00 4.75e+00 4.78e+00
4.80e+00 4.83e+00 4.85e+00 4.88e+00 4.90e+00 4.93e+00 4.95e+00 4.98e+00 5.00e+00 5.03e+00
5.05e+00 5.08e+00 5.10e+00 5.13e+00 5.15e+00 5.18e+00 5.20e+00 5.23e+00 5.25e+00 5.27e+00
5.30e+00 5.32e+00 5.35e+00 5.37e+00 5.39e+00 5.42e+00 5.44e+00 5.47e+00 5.49e+00 5.51e+00
5.54e+00 5.56e+00 5.59e+00 5.61e+00 5.63e+00 5.66e+00 5.68e+00 5.71e+00 5.73e+00 5.75e+00
5.77e+00 5.80e+00 5.82e+00 5.85e+00 5.87e+00 5.89e+00 5.92e+00 5.94e+00 5.96e+00 5.99e+00
6.01e+00 6.04e+00 6.06e+00 6.09e+00 6.11e+00 6.13e+00 6.16e+00 6.18e+00 6.21e+00 6.23e+00
6.25e+00 6.28e+00 6.30e+00 6.33e+00 6.35e+00 6.38e+00 6.40e+00 6.42e+00 6.45e+00 6.47e+00
6.50e+00 6.52e+00 6.54e+00 6.57e+00 6.59e+00 6.62e+00 6.64e+00 6.67e+00 6.69e+00 6.72e+00
6.74e+00 6.77e+00 6.79e+00 6.81e+00 6.84e+00 6.86e+00 6.89e+00 6.91e+00 6.93e+00 6.96e+00
6.98e+00 7.01e+00 7.03e+00 7.06e+00 7.08e+00 7.10e+00 7.13e+00 7.15e+00 7.18e+00 7.20e+00
7.23e+00 7.25e+00 7.28e+00 7.30e+00 7.32e+00 7.35e+00 7.37e+00 7.40e+00 7.42e+00 7.45e+00
7.47e+00 7.49e+00 7.52e+00 7.54e+00 7.57e+00 7.59e+00 7.62e+00 7.64e+00 7.66e+00 7.69e+00
7.71e+00 7.74e+00 7.76e+00 7.79e+00 7.81e+00 7.83e+00 7.86e+00 7.88e+00 7.91e+00 7.93e+00
7.95e+00 7.98e+00 8.00e+00 8.03e+00 8.05e+00 8.08e+00 8.10e+00 8.12e+00 8.15e+00 8.17e+00
8.19e+00 8.22e+00 8.24e+00 8.27e+00 8.29e+00 8.32e+00 8.34e+00 8.36e+00 8.39e+00 8.41e+00
8.43e+00 8.46e+00 8.48e+00 8.51e+00 8.53e+00 8.55e+00 8.58e+00 8.60e+00 8.62e+00 8.65e+00
8.67e+00 8.70e+00 8.72e+00 8.74e+00 8.77e+00 8.79e+00 8.82e+00 8.84e+00 8.86e+00 8.89e+00
8.91e+00 8.93e+00 8.96e+00 8.98e+00 9.01e+00 9.03e+00 9.05e+00 9.08e+00 9.10e+00 9.12e+00
9.15e+00 9.17e+00 9.20e+00 9.22e+00 9.24e+00 9.27e+00 9.29e+00 9.32e+00 9.34e+00 9.36e+00
9.39e+00 9.41e+00 9.43e+00 9.46e+00 9.48e+00 9.51e+00 9.53e+00 9.55e+00 9.58e+00 9.60e+00
9.62e+00 9.65e+00 9.67e+00 9.70e+00 9.72e+00 9.74e+00 9.77e+00 9.79e+00 9.81e+00 9.84e+00
9.86e+00 9.89e+00 9.91e+00 9.93e+00 9.96e+00 9.98e+00 1.00e+01 1.00e+01 1.01e+01 1.01e+01
1.01e+01 1.01e+01 1.01e+01 1.02e+01 1.02e+01 1.02e+01 1.02e+01 1.03e+01 1.03e+01 1.03e+01
1.03e+01 1.04e+01 1.04e+01 1.04e+01 1.04e+01 1.05e+01 1.05e+01 1.05e+01 1.05e+01 1.06e+01
1.06e+01 1.06e+01 1.06e+01 1.06e+01 1.07e+01 1.07e+01 1.07e+01 1.07e+01 1.08e+01 1.08e+01
1.08e+01 1.08e+01 1.09e+01 1.09e+01 1.09e+01 1.09e+01 1.10e+01 1.10e+01 1.10e+01 1.10e+01
1.10e+01 1.11e+01 1.11e+01 1.11e+01 1.11e+01 1.12e+01 1.12e+01 1.12e+01 1.12e+01 1.13e+01
1.13e+01 1.13e+01 1.13e+01 1.14e+01 1.14e+01 1.14e+01 1.14e+01 1.14e+01 1.15e+01 1.15e+01
1.15e+01 1.15e+01 1.16e+01 1.16e+01 1.16e+01 1.16e+01 1.17e+01 1.17e+01 1.17e+01 1.17e+01
1.18e+01 1.18e+01 1.18e+01 1.18e+01 1.19e+01 1.19e+01 1.19e+01 1.19e+01 1.19e+01 1.20e+01
1.20e+01 1.20e+01 1.20e+01 1.21e+01 1.21e+01 1.21e+01 1.21e+01 1.22e+01 1.22e+01 1.22e+01
1.22e+01 1.22e+01 1.23e+01 1.23e+01 1.23e+01 1.23e+01 1.24e+01 1.24e+01 1.24e+01 1.24e+01
1.25e+01 1.25e+01 1.25e+01 1.25e+01 1.26e+01 1.26e+01 1.26e+01 1.26e+01 1.26e+01 1.27e+01
1.27e+01 1.27e+01 1.27e+01 1.28e+01 1.28e+01 1.28e+01 1.28e+01 1.29e+01 1.29e+01 1.29e+01
1.29e+01 1.30e+01 1.30e+01 1.30e+01 1.30e+01 1.30e+01 1.31e+01 1.31e+01 1.31e+01 1.31e+01
1.32e+01 1.32e+01 1.32e+01 1.32e+01 1.33e+01 1.33e+01 1.33e+01 1.33e+01 1.34e+01 1.34e+01
1.34e+01 1.34e+01 1.34e+01 1.35e+01 1.35e+01 1.35e+01 1.35e+01 1.36e+01 1.36e+01 1.36e+01
1.36e+01 1.37e+01 1.37e+01 1.37e+01 1.37e+01 1.37e+01 1.38e+01 1.38e+01 1.38e+01 1.38e+01
1.39e+01 1.39e+01 1.39e+01 1.39e+01 1.40e+01 1.40e+01 1.40e+01 1.40e+01 1.41e+01 1.41e+01
1.41e+01 1.41e+01 1.41e+01 1.42e+01 1.42e+01 1.42e+01 1.42e+01 1.43e+01 1.43e+01 1.43e+01
1.43e+01 1.43e+01 1.44e+01 1.44e+01 1.44e+01 1.44e+01 1.45e+01 1.45e+01 1.45e+01 1.45e+01
1.45e+01 1.46e+01 1.46e+01 1.46e+01 1.46e+01 1.46e+01 1.46e+01 1.47e+01 1.47e+01 1.47e+01
1.47e+01 1.47e+01 1.48e+01 1.48e+01 1.48e+01 1.48e+01 1.48e+01 1.48e+01 1.48e+01 1.49e+01
1.49e+01 1.49e+01 1.49e+01 1.49e+01 1.49e+01 1.49e+01 1.49e+01 1.49e+01 1.50e+01 1.50e+01
1.50e+01 1.50e+01 1.50e+01 1.50e+01 1.51e+01 1.51e+01 1.51e+01 1.51e+01 1.51e+01 1.51e+01
1.51e+01 1.51e+01 1.51e+01 1.51e+01 1.51e+01 1.51e+01 1.51e+01 1.51e+01 1.51e+01 1.51e+01
1.51e+01 1.51e+01 1.51e+01 1.51e+01 1.51e+01 1.51e+01 1.51e+01 1.51e+01 1.51e+01 1.51e+01
1.51e+01 1.51e+01 1.51e+01 1.51e+01 1.51e+01 1.51e+01 1.51e+01 1.51e+01 1.51e+01 1.51e+01
1.51e+01 1.51e+01 1.51e+01 1.51e+01 1.51e+01 1.51e+01 1.51e+01 1.51e+01 1.51e+01 1.51e+01
1.51e+01 1.51e+01 1.51e+01 1.51e+01 1.51e+01 1.51e+01 1.51e+01 1.51e+01 1.51e+01 1.51e+01
1.51e+01 1.51e+01 1.51e+01 1.51e+01 1.51e+01 1.51e+01 1.51e+01 1.51e+01 1.51e+01 1.51e+01
1.51e+01 1.51e+01 1.51e+01 1.51e+01 1.51e+01 1.51e+01 1.51e+01 1.51e+01 1.51e+01 1.51e+01
1.51e+01 1.51e+01 1.51e+01 1.51e+01 1.51e+01 1.51e+01 1.51e+01 1.51e+01 1.51e+01 1.51e+01
1.51e+01 1.51e+01 1.51e+01 1.51e+01 1.51e+01 1.51e+01 1.51e+01 1.51e+01 1.51e+01 1.51e+01
1.51e+01 1.51e+01 1.51e+01 1.51e+01 1.51e+01 1.51e+01 1.51e+01 1.51e+01 1.51e+01 1.51e+01
1.51e+01 1.51e+01 1.51e+01 1.51e+01 1.51e+01 1.51e+01 1.51e+01 1.51e+01 1.51e+01 1.51e+01
1.51e+01 1.51e+01 1.51e+01 1.51e+01 1.51e+01 1.51e+01 1.51e+01 1.51e+01 1.51e+01 1.51e+01
1.51e+01 1.51e+01 1.51e+01 1.51e+01 1.51e+01 1.51e+01 1.51e+01 1.51e+01 1.51e+01 1.51e+01
1.51e+01 1.51e+01 1.51e+01 1.51e+01 1.51e+01 1.51e+01 1.51e+01 1.51e+01 1.51e+01 1.51e+01
1.51e+01 1.51e+01 1.51e+01 1.51e+01 1.51e+01 1.51e+01 1.51e+01 1.51e+01 7.99e-44
[ R.extra_param ]
5.0e-10   6.0e-8              TDC scale (ns/chan), t0 resolution (s)
4 7 0 800 2200 3e-8 1.5e-7    min_clust_size, max_clust_span, max_gap, min_time, max_time, min_tdiff, max_tdiff (s)
2.12e-3 0.0 0.0 0.0 -4.2e-4 1.3e-3 1.06e-4 0.0 4e-9    AnalyticTTD parameters
[ R.global ]
0.3348 1                     Plane Spacing, TTD Converter
matrix elements
t 0 0 0  -1.007182e+00 -3.355711e-01 -4.038987e-02 -5.355920e-04  0.000000e+00  0.000000e+00  0.000000e+00
y 0 0 0  -6.641445e-03  1.373258e-03  2.201424e-03  7.172290e-03  0.000000e+00  0.000000e+00  0.000000e+00
p 0 0 0  -3.388563e-03 -4.328828e-03 -1.200457e-03  1.237351e-03  0.000000e+00  0.000000e+00  0.000000e+00
D 0 0 0  -0.0005E+00  8.4035E-02  1.1127E-02  0.0000E+00  0.0000E+00  0.0000E+00  0.0000E+00 
 D 1 0 0 -2.8574E-02  2.8533E-01  4.4596E-02 -2.6656E-01  0.0000E+00  0.0000E+00  0.0000E+00 
 D 0 1 0  0.0000E+00  0.0000E+00  0.0000E+00  0.0000E+00  0.0000E+00  0.0000E+00  0.0000E+00 
 D 0 0 1  0.0000E+00  0.0000E+00  0.0000E+00  0.0000E+00  0.0000E+00  0.0000E+00  0.0000E+00                 
 D 2 0 0 -1.8071E+00  2.6669E-03  3.9998E+00  0.0000E+00  0.0000E+00  0.0000E+00  0.0000E+00         
 D 0 0 2 -4.4492E-02  3.1124E-01 -7.5403E-01  0.0000E+00  0.0000E+00  0.0000E+00  0.0000E+00         
 D 0 2 0  5.9394E-01  7.5867E-01  2.4370E-01  0.0000E+00  0.0000E+00  0.0000E+00  0.0000E+00         
 D 0 1 1  4.9873E-01 -5.5218E-02  0.0000E+00  0.0000E+00  0.0000E+00  0.0000E+00  0.0000E+00         
 D 3 0 0  3.3322E+01 -2.5625E+01  0.0000E+00  0.0000E+00  0.0000E+00  0.0000E+00  0.0000E+00         
 D 1 2 0 -6.6103E+00  5.3038E+01  0.0000E+00  0.0000E+00  0.0000E+00  0.0000E+00  0.0000E+00        
 D 1 0 2 -1.9669E+01 -5.3189E+00  0.0000E+00  0.0000E+00  0.0000E+00  0.0000E+00  0.0000E+00         
 D 1 1 1 -2.2841E+01 -3.5784E+01  0.0000E+00  0.0000E+00  0.0000E+00  0.0000E+00  0.0000E+00         
 D 4 0 0  1.9936E+03  0.0000E+00  0.0000E+00  0.0000E+00  0.0000E+00  0.0000E+00  0.0000E+00         
 D 2 0 2 -3.1918E+02  0.0000E+00  0.0000E+00  0.0000E+00  0.0000E+00  0.0000E+00  0.0000E+00       
 D 2 2 0 -5.5401E+02  0.0000E+00  0.0000E+00  0.0000E+00  0.0000E+00  0.0000E+00  0.0000E+00         
 D 2 1 1  0.0000E+00  0.0000E+00  0.0000E+00  0.0000E+00  0.0000E+00  0.0000E+00  0.0000E+00         
 D 0 4 0  0.0000E+00  0.0000E+00  0.0000E+00  0.0000E+00  0.0000E+00  0.0000E+00  0.0000E+00         
 D 0 0 4  0.0000E+00  0.0000E+00  0.0000E+00  0.0000E+00  0.0000E+00  0.0000E+00  0.0000E+00         
 D 0 2 2 -2.1693E+02  0.0000E+00  0.0000E+00  0.0000E+00  0.0000E+00  0.0000E+00  0.0000E+00         
 D 0 3 1  0.0000E+00  0.0000E+00  0.0000E+00  0.0000E+00  0.0000E+00  0.0000E+00  0.0000E+00         
 D 0 1 3  5.6077E+01  0.0000E+00  0.0000E+00  0.0000E+00  0.0000E+00  0.0000E+00  0.0000E+00    

T 0 0 0  -6.126531e-03  1.967444e-03  1.137303e-02 -1.246770e-02 -2.771339e-02  0.000000e+00  0.000000e+00  5
T 1 0 0  -2.390656e+00  5.538171e-01  2.363488e-01  8.322577e-02  0.000000e+00  0.000000e+00  0.000000e+00  4
T 2 0 0  -5.381538e+00  8.665214e-01  1.623248e+01  0.000000e+00  0.000000e+00  0.000000e+00  0.000000e+00  3
T 1 0 2  -4.773120e+00 -7.512775e+00  0.000000e+00  0.000000e+00  0.000000e+00  0.000000e+00  0.000000e+00  2
T 3 0 0   2.164103e+02 -1.588771e+02  0.000000e+00  0.000000e+00  0.000000e+00  0.000000e+00  0.000000e+00  2
T 0 0 2   2.957055e-01  5.219243e-01 -1.048250e+00  0.000000e+00  0.000000e+00  0.000000e+00  0.000000e+00  3
T 0 1 1  -2.750248e-01  2.920953e-01  1.462764e+00  0.000000e+00  0.000000e+00  0.000000e+00  0.000000e+00  3
T 0 2 0   7.237719e-01  5.362620e-01  0.000000e+00  0.000000e+00  0.000000e+00  0.000000e+00  0.000000e+00  2
T 1 2 0   5.141874e-01  0.000000e+00  0.000000e+00  0.000000e+00  0.000000e+00  0.000000e+00  0.000000e+00  1
T 0 4 0  -3.254994e+02  0.000000e+00  0.000000e+00  0.000000e+00  0.000000e+00  0.000000e+00  0.000000e+00  1
T 0 2 2  -7.106122e+02  0.000000e+00  0.000000e+00  0.000000e+00  0.000000e+00  0.000000e+00  0.000000e+00  1
T 1 1 1   1.556458e+01  0.000000e+00  0.000000e+00  0.000000e+00  0.000000e+00  0.000000e+00  0.000000e+00  1
T 2 0 2   6.735458e+02  0.000000e+00  0.000000e+00  0.000000e+00  0.000000e+00  0.000000e+00  0.000000e+00  1
T 0 1 3   6.462952e+02  0.000000e+00  0.000000e+00  0.000000e+00  0.000000e+00  0.000000e+00  0.000000e+00  1
T 0 3 1  -4.862701e+02  0.000000e+00  0.000000e+00  0.000000e+00  0.000000e+00  0.000000e+00  0.000000e+00  1
P 0 0 0  -9.215220e-04 -3.381959e-04  1.840009e-03 -1.486587e-03  0.000000e+00  0.000000e+00  0.000000e+00  4
P 0 0 1  -6.103668e-01 -1.145288e-01  1.633221e-01 -4.604543e-02  0.000000e+00  0.000000e+00  0.000000e+00  4
P 0 0 3   1.786904e+00 -2.859817e+01  0.000000e+00  0.000000e+00  0.000000e+00  0.000000e+00  0.000000e+00  2
P 0 1 0  -3.035658e-01  3.191141e-01 -1.178301e-01 -6.072403e-02  0.000000e+00  0.000000e+00  0.000000e+00  4
P 0 1 2  -6.990280e+00 -1.507493e+01  0.000000e+00  0.000000e+00  0.000000e+00  0.000000e+00  0.000000e+00  2
P 0 2 1  -1.719888e+01 -6.119093e+01  0.000000e+00  0.000000e+00  0.000000e+00  0.000000e+00  0.000000e+00  2
P 0 3 0  -2.135258e+01 -2.309021e+01  0.000000e+00  0.000000e+00  0.000000e+00  0.000000e+00  0.000000e+00  2
P 1 0 0  -6.228829e-02  1.982623e-02 -1.499270e-02  0.000000e+00  0.000000e+00  0.000000e+00  0.000000e+00  3
P 1 0 1   5.320634e+00  9.079393e-01  7.981155e-01  0.000000e+00  0.000000e+00  0.000000e+00  0.000000e+00  3
P 1 0 3  -4.500936e+01 -1.701321e+03  0.000000e+00  0.000000e+00  0.000000e+00  0.000000e+00  0.000000e+00  2
P 1 1 0   3.515315e+00 -1.040592e+00  8.931689e-02  0.000000e+00  0.000000e+00  0.000000e+00  0.000000e+00  3
P 1 1 2  -6.004392e+02 -5.387381e+01  0.000000e+00  0.000000e+00  0.000000e+00  0.000000e+00  0.000000e+00  2
P 1 2 0  -1.701192e+01 -2.153436e+01  0.000000e+00  0.000000e+00  0.000000e+00  0.000000e+00  0.000000e+00  2
P 1 2 1   1.192510e+02 -1.353788e+03  0.000000e+00  0.000000e+00  0.000000e+00  0.000000e+00  0.000000e+00  2
P 1 3 0   8.720555e+01  4.069973e+03  0.000000e+00  0.000000e+00  0.000000e+00  0.000000e+00  0.000000e+00  2
P 2 0 1  -2.460763e+01 -8.409247e+01  0.000000e+00  0.000000e+00  0.000000e+00  0.000000e+00  0.000000e+00  2
P 2 1 0  -1.180353e+02  1.060704e+02  0.000000e+00  0.000000e+00  0.000000e+00  0.000000e+00  0.000000e+00  2
P 3 0 1  -9.375758e+02  0.000000e+00  0.000000e+00  0.000000e+00  0.000000e+00  0.000000e+00  0.000000e+00  1
P 3 1 0  -2.585802e+03  0.000000e+00  0.000000e+00  0.000000e+00  0.000000e+00  0.000000e+00  0.000000e+00  1
Y 0 0 0   3.806184e-03  1.098340e-03  2.236678e-03  1.181292e-02  0.000000e+00  0.000000e+00  0.000000e+00  4
Y 0 0 1   7.341052e-01 -1.177395e+00 -5.974348e-01  2.046838e-01  0.000000e+00  0.000000e+00  0.000000e+00  4
Y 0 0 3   1.926455e+01 -6.358267e+01  0.000000e+00  0.000000e+00  0.000000e+00  0.000000e+00  0.000000e+00  2
Y 0 1 0  -1.292976e+00 -8.147710e-01  7.289861e-02 -8.267992e-02  0.000000e+00  0.000000e+00  0.000000e+00  4
Y 0 1 2   4.067169e+01  6.083576e+01  0.000000e+00  0.000000e+00  0.000000e+00  0.000000e+00  0.000000e+00  2
Y 0 2 1   5.167019e+01  6.971592e+01  0.000000e+00  0.000000e+00  0.000000e+00  0.000000e+00  0.000000e+00  2
Y 0 3 0   3.548876e+01 -6.118565e+00  0.000000e+00  0.000000e+00  0.000000e+00  0.000000e+00  0.000000e+00  2
Y 1 0 1  -2.749314e+00 -7.388296e+00 -1.033271e+01  0.000000e+00  0.000000e+00  0.000000e+00  0.000000e+00  3
Y 1 0 3   3.336705e+03  0.000000e+00  0.000000e+00  0.000000e+00  0.000000e+00  0.000000e+00  0.000000e+00  1
Y 1 1 0  -1.296964e+01 -1.007494e+00 -2.478989e+00  0.000000e+00  0.000000e+00  0.000000e+00  0.000000e+00  3
Y 1 1 2   1.628102e+03  0.000000e+00  0.000000e+00  0.000000e+00  0.000000e+00  0.000000e+00  0.000000e+00  1
Y 1 3 0   5.996487e+02  0.000000e+00  0.000000e+00  0.000000e+00  0.000000e+00  0.000000e+00  0.000000e+00  1
Y 2 0 1   5.108492e+02  2.550508e+02  0.000000e+00  0.000000e+00  0.000000e+00  0.000000e+00  0.000000e+00  2
Y 2 1 0   4.148536e+02 -5.948977e+01  0.000000e+00  0.000000e+00  0.000000e+00  0.000000e+00  0.000000e+00  2
Y 3 0 1   5.290873e+03  0.000000e+00  0.000000e+00  0.000000e+00  0.000000e+00  0.000000e+00  0.000000e+00  1
Y 3 1 0   4.846033e+03  0.000000e+00  0.000000e+00  0.000000e+00  0.000000e+00  0.000000e+00  0.000000e+00  1

L 0 0 0 0  25.713
L 1 0 0 0  0.1650
L 2 0 0 0 -0.05
L 0 1 0 0 -11.6554
L 0 2 0 0 -9.4951
L 0 0 1 0  0.0
L 0 0 2 0  0.0
L 0 0 0 1  0.0
L 0 0 0 2  0.0
XF 1 0 0 0 0 -2.181E+00
XF 0 1 0 0 0 -1.980E-01
XF 0 0 0 0 1  1.191E+01
TF 1 0 0 0 0 -1.000E-01
TF 0 1 0 0 0 -4.690E-01
TF 0 0 0 0 1  1.967E+00
PF 0 0 1 0 0  3.630E-01
PF 0 0 0 1 0 -0.902E+00
YF 0 0 1 0 0 -5.950E-01
YF 0 0 0 1 0 -1.274E+00
