############ LEFT VDC #########################
No of Crate, Slot, First, Last chans
[ L.vdc.u1 ]
2       6       0      95                  U1: u1cr1, u1sl1, u1cf1, u1cl1
2       7       0      95                  ~~~ u1cr2, u1sl2, u1cf2, u1cl2
2       8       0      95                      u1cr3, u1sl3, u1cf3, u1cl3
2       9       0      79                      u1cr4, u1sl4, u1cf4, u1cl4
0.0  0.77852 -.0042426 -45.0                   z, wbeg, wspac, wangle (m)
49.28e3                                        Drift velocity (m/s)
TDC Offset Values
   1 1762.8    2 1738.3    3 1755.8    4 1780.5    5 1745.0    6 1774.5    7 1775.5    8 1758.7
   9 1778.3   10 1776.2   11 1776.9   12 1779.6   13 1771.6   14 1781.7   15 1780.6   16 1773.4
  17 1779.7   18 1782.4   19 1781.1   20 1786.2   21 1784.4   22 1786.5   23 1785.4   24 1783.5
  25 1783.6   26 1778.0   27 1781.1   28 1786.8   29 1783.1   30 1781.2   31 1779.9   32 1788.6
  33 1788.7   34 1786.7   35 1784.4   36 1787.7   37 1788.3   38 1789.5   39 1786.0   40 1790.7
  41 1788.3   42 1787.0   43 1788.8   44 1787.7   45 1786.7   46 1788.9   47 1785.1   48 1788.7
  49 1785.9   50 1787.3   51 1787.6   52 1786.9   53 1787.0   54 1787.7   55 1792.0   56 1789.8
  57 1783.7   58 1782.7   59 1786.0   60 1786.1   61 1782.3   62 1782.6   63 1781.8   64 1785.8
  65 1784.2   66 1788.1   67 1781.8   68 1785.7   69 1785.1   70 1788.9   71 1785.6   72 1786.7
  73 1787.8   74 1786.0   75 1789.4   76 1787.2   77 1785.5   78 1784.4   79 1783.3   80 1785.2
  81 1788.3   82 1785.6   83 1785.4   84 1789.8   85 1786.7   86 1787.8   87 1787.1   88 1792.5
  89 1783.5   90 1784.8   91 1783.0   92 1784.3   93 1786.4   94 1790.0   95 1784.9   96 1789.3
  97 1789.6   98 1794.9   99 1789.3  100 1795.4  101 1792.9  102 1792.4  103 1790.7  104 1794.3
 105 1798.7  106 1796.5  107 1788.1  108 1794.8  109 1794.0  110 1789.3  111 1792.0  112 1789.7
 113 1790.3  114 1792.9  115 1789.9  116 1796.4  117 1792.8  118 1794.2  119 1789.6  120 1790.3
 121 1786.4  122 1789.2  123 1784.8  124 1785.9  125 1786.0  126 1788.0  127 1785.3  128 1792.2
 129 1793.3  130 1794.5  131 1791.5  132 1790.6  133 1790.0  134 1793.2  135 1788.5  136 1788.8
 137 1791.2  138 1791.3  139 1787.5  140 1792.3  141 1790.7  142 1787.5  143 1787.4  144 1794.4
 145 1789.5  146 1790.4  147 1790.4  148 1791.2  149 1792.9  150 1791.0  151 1795.4  152 1789.4
 153 1790.1  154 1787.4  155 1788.0  156 1795.4  157 1790.4  158 1789.6  159 1789.9  160 1790.9
 161 1788.8  162 1792.7  163 1787.9  164 1788.0  165 1793.4  166 1788.6  167 1786.9  168 1794.3
 169 1788.1  170 1793.8  171 1787.2  172 1795.8  173 1789.8  174 1790.5  175 1784.8  176 1794.9
 177 1787.2  178 1798.1  179 1788.8  180 1793.7  181 1793.0  182 1791.6  183 1790.5  184 1793.2
 185 1791.7  186 1790.7  187 1785.9  188 1789.3  189 1791.4  190 1790.5  191 1784.2  192 1797.0
 193 1796.7  194 1798.4  195 1795.9  196 1811.0  197 1798.0  198 1798.2  199 1805.4  200 1798.7
 201 1800.4  202 1801.4  203 1797.1  204 1795.0  205 1796.4  206 1798.8  207 1795.9  208 1797.3
 209 1794.2  210 1795.9  211 1794.0  212 1796.4  213 1798.8  214 1792.1  215 1794.5  216 1798.1
 217 1792.8  218 1798.7  219 1788.3  220 1798.9  221 1793.0  222 1789.7  223 1795.5  224 1798.1
 225 1795.9  226 1799.7  227 1793.7  228 1797.3  229 1796.9  230 1800.8  231 1797.6  232 1796.7
 233 1795.4  234 1795.7  235 1791.3  236 1799.5  237 1797.5  238 1795.7  239 1791.2  240 1798.2
 241 1797.3  242 1802.1  243 1789.7  244 1796.1  245 1792.6  246 1796.5  247 1799.8  248 1797.9
 249 1796.1  250 1794.8  251 1792.9  252 1795.8  253 1793.3  254 1795.3  255 1789.4  256 1794.7
 257 1805.4  258 1796.3  259 1795.7  260 1797.5  261 1799.0  262 1799.7  263 1798.6  264 1800.6
 265 1796.2  266 1801.4  267 1794.8  268 1798.2  269 1798.8  270 1793.2  271 1794.2  272 1802.2
 273 1803.2  274 1800.7  275 1799.5  276 1804.9  277 1797.3  278 1799.6  279 1795.8  280 1795.6
 281 1795.0  282 1797.4  283 1795.5  284 1793.1  285 1794.8  286 1797.1  287 1789.6  288 1805.0
 289 1797.2  290 1799.4  291 1797.5  292 1801.2  293 1803.3  294 1796.8  295 1796.4  296 1803.9
 297 1797.3  298 1796.5  299 1800.9  300 1797.4  301 1797.8  302 1798.1  303 1796.7  304 1800.8
 305 1797.3  306 1796.9  307 1794.5  308 1799.5  309 1799.2  310 1800.9  311 1800.8  312 1794.1
 313 1790.2  314 1795.3  315 1793.2  316 1793.5  317 1791.1  318 1795.4  319 1797.7  320 1795.3
 321 1793.9  322 1794.0  323 1791.3  324 1793.8  325 1796.1  326 1792.2  327 1792.4  328 1795.5
 329 1795.4  330 1789.9  331 1793.2  332 1790.1  333 1785.1  334 1794.2  335 1789.3  336 1787.7
 337 1790.7  338 1783.6  339 1788.6  340 1788.5  341 1778.5  342 1790.2  343 1775.3  344 1786.4
 345 1784.0  346 1761.2  347 1742.5  348 1772.2  349 1753.9  350 1789.0  351 1749.7  352 1760.1
 353 1757.0  354 1767.8  355 1593.0  356 1744.8  357 1755.1  358 1775.4  359 1763.8  360 1760.9
 361 1315.8  362 1775.7  363 1736.9  364 1771.0  365 1724.9  366 1747.0  367 1769.0  368 1702.7
TDC Lookup Table
-2.500e-09
603
7.33e-04 1.61e-03 2.82e-03 4.43e-03 6.69e-03 9.71e-03 1.41e-02 1.98e-02 2.72e-02 3.69e-02 
4.89e-02 6.35e-02 8.06e-02 1.01e-01 1.24e-01 1.49e-01 1.78e-01 2.08e-01 2.41e-01 2.75e-01 
3.10e-01 3.47e-01 3.85e-01 4.25e-01 4.65e-01 5.07e-01 5.48e-01 5.90e-01 6.33e-01 6.76e-01 
7.20e-01 7.63e-01 8.06e-01 8.50e-01 8.94e-01 9.38e-01 9.82e-01 1.03e+00 1.07e+00 1.12e+00 
1.16e+00 1.21e+00 1.25e+00 1.30e+00 1.35e+00 1.39e+00 1.44e+00 1.48e+00 1.53e+00 1.57e+00 
1.62e+00 1.66e+00 1.71e+00 1.76e+00 1.80e+00 1.85e+00 1.89e+00 1.94e+00 1.98e+00 2.03e+00 
2.08e+00 2.12e+00 2.17e+00 2.21e+00 2.26e+00 2.30e+00 2.35e+00 2.39e+00 2.43e+00 2.48e+00 
2.52e+00 2.57e+00 2.61e+00 2.65e+00 2.70e+00 2.74e+00 2.78e+00 2.82e+00 2.86e+00 2.90e+00 
2.93e+00 2.97e+00 3.01e+00 3.04e+00 3.08e+00 3.11e+00 3.14e+00 3.18e+00 3.21e+00 3.24e+00 
3.27e+00 3.30e+00 3.32e+00 3.35e+00 3.38e+00 3.41e+00 3.44e+00 3.47e+00 3.49e+00 3.52e+00 
3.55e+00 3.58e+00 3.61e+00 3.64e+00 3.66e+00 3.69e+00 3.72e+00 3.75e+00 3.78e+00 3.81e+00 
3.84e+00 3.86e+00 3.89e+00 3.92e+00 3.95e+00 3.98e+00 4.00e+00 4.03e+00 4.06e+00 4.09e+00 
4.11e+00 4.14e+00 4.17e+00 4.19e+00 4.22e+00 4.25e+00 4.27e+00 4.30e+00 4.32e+00 4.35e+00 
4.38e+00 4.40e+00 4.43e+00 4.45e+00 4.48e+00 4.51e+00 4.53e+00 4.56e+00 4.58e+00 4.61e+00 
4.63e+00 4.66e+00 4.68e+00 4.71e+00 4.73e+00 4.76e+00 4.78e+00 4.81e+00 4.83e+00 4.86e+00 
4.88e+00 4.91e+00 4.93e+00 4.96e+00 4.98e+00 5.01e+00 5.03e+00 5.06e+00 5.08e+00 5.11e+00 
5.13e+00 5.16e+00 5.18e+00 5.20e+00 5.23e+00 5.25e+00 5.28e+00 5.30e+00 5.33e+00 5.35e+00 
5.38e+00 5.40e+00 5.42e+00 5.45e+00 5.47e+00 5.50e+00 5.52e+00 5.55e+00 5.57e+00 5.59e+00 
5.62e+00 5.64e+00 5.67e+00 5.69e+00 5.72e+00 5.74e+00 5.77e+00 5.79e+00 5.81e+00 5.84e+00 
5.86e+00 5.88e+00 5.91e+00 5.93e+00 5.96e+00 5.98e+00 6.00e+00 6.03e+00 6.05e+00 6.08e+00 
6.10e+00 6.12e+00 6.15e+00 6.17e+00 6.20e+00 6.22e+00 6.24e+00 6.27e+00 6.29e+00 6.32e+00 
6.34e+00 6.36e+00 6.39e+00 6.41e+00 6.43e+00 6.46e+00 6.48e+00 6.51e+00 6.53e+00 6.55e+00 
6.58e+00 6.60e+00 6.63e+00 6.65e+00 6.67e+00 6.70e+00 6.72e+00 6.75e+00 6.77e+00 6.79e+00 
6.82e+00 6.84e+00 6.87e+00 6.89e+00 6.91e+00 6.94e+00 6.96e+00 6.99e+00 7.01e+00 7.04e+00 
7.06e+00 7.08e+00 7.11e+00 7.13e+00 7.16e+00 7.18e+00 7.21e+00 7.23e+00 7.25e+00 7.28e+00 
7.30e+00 7.33e+00 7.35e+00 7.37e+00 7.40e+00 7.43e+00 7.45e+00 7.47e+00 7.50e+00 7.52e+00 
7.55e+00 7.57e+00 7.59e+00 7.62e+00 7.64e+00 7.67e+00 7.69e+00 7.72e+00 7.74e+00 7.76e+00 
7.79e+00 7.81e+00 7.84e+00 7.86e+00 7.88e+00 7.91e+00 7.93e+00 7.96e+00 7.98e+00 8.00e+00 
8.03e+00 8.05e+00 8.07e+00 8.10e+00 8.12e+00 8.15e+00 8.17e+00 8.20e+00 8.22e+00 8.24e+00 
8.27e+00 8.29e+00 8.31e+00 8.34e+00 8.36e+00 8.39e+00 8.41e+00 8.43e+00 8.46e+00 8.48e+00 
8.50e+00 8.53e+00 8.55e+00 8.58e+00 8.60e+00 8.62e+00 8.65e+00 8.67e+00 8.69e+00 8.72e+00 
8.74e+00 8.77e+00 8.79e+00 8.81e+00 8.84e+00 8.86e+00 8.88e+00 8.91e+00 8.93e+00 8.96e+00 
8.98e+00 9.00e+00 9.03e+00 9.05e+00 9.08e+00 9.10e+00 9.12e+00 9.15e+00 9.17e+00 9.19e+00 
9.22e+00 9.24e+00 9.26e+00 9.29e+00 9.31e+00 9.34e+00 9.36e+00 9.38e+00 9.41e+00 9.43e+00 
9.45e+00 9.48e+00 9.50e+00 9.52e+00 9.55e+00 9.57e+00 9.59e+00 9.62e+00 9.64e+00 9.67e+00 
9.69e+00 9.71e+00 9.74e+00 9.76e+00 9.78e+00 9.81e+00 9.83e+00 9.85e+00 9.88e+00 9.90e+00 
9.92e+00 9.95e+00 9.97e+00 9.99e+00 1.00e+01 1.00e+01 1.01e+01 1.01e+01 1.01e+01 1.01e+01 
1.02e+01 1.02e+01 1.02e+01 1.02e+01 1.03e+01 1.03e+01 1.03e+01 1.03e+01 1.03e+01 1.04e+01 
1.04e+01 1.04e+01 1.04e+01 1.05e+01 1.05e+01 1.05e+01 1.05e+01 1.06e+01 1.06e+01 1.06e+01 
1.06e+01 1.07e+01 1.07e+01 1.07e+01 1.07e+01 1.07e+01 1.08e+01 1.08e+01 1.08e+01 1.08e+01 
1.09e+01 1.09e+01 1.09e+01 1.09e+01 1.10e+01 1.10e+01 1.10e+01 1.10e+01 1.11e+01 1.11e+01 
1.11e+01 1.11e+01 1.11e+01 1.12e+01 1.12e+01 1.12e+01 1.12e+01 1.13e+01 1.13e+01 1.13e+01 
1.13e+01 1.14e+01 1.14e+01 1.14e+01 1.14e+01 1.14e+01 1.15e+01 1.15e+01 1.15e+01 1.15e+01 
1.16e+01 1.16e+01 1.16e+01 1.16e+01 1.17e+01 1.17e+01 1.17e+01 1.17e+01 1.18e+01 1.18e+01 
1.18e+01 1.18e+01 1.18e+01 1.19e+01 1.19e+01 1.19e+01 1.19e+01 1.20e+01 1.20e+01 1.20e+01 
1.20e+01 1.21e+01 1.21e+01 1.21e+01 1.21e+01 1.21e+01 1.22e+01 1.22e+01 1.22e+01 1.22e+01 
1.23e+01 1.23e+01 1.23e+01 1.23e+01 1.24e+01 1.24e+01 1.24e+01 1.24e+01 1.25e+01 1.25e+01 
1.25e+01 1.25e+01 1.25e+01 1.26e+01 1.26e+01 1.26e+01 1.26e+01 1.27e+01 1.27e+01 1.27e+01 
1.27e+01 1.28e+01 1.28e+01 1.28e+01 1.28e+01 1.28e+01 1.29e+01 1.29e+01 1.29e+01 1.29e+01 
1.30e+01 1.30e+01 1.30e+01 1.30e+01 1.31e+01 1.31e+01 1.31e+01 1.31e+01 1.31e+01 1.32e+01 
1.32e+01 1.32e+01 1.32e+01 1.33e+01 1.33e+01 1.33e+01 1.33e+01 1.34e+01 1.34e+01 1.35e+01
1.35e+01 1.35e+01 1.35e+01 1.36e+01 1.36e+01 1.36e+01 1.36e+01 1.37e+01 1.37e+01 1.37e+01
1.37e+01 1.38e+01 1.38e+01 1.38e+01 1.38e+01 1.38e+01 1.39e+01 1.39e+01 1.39e+01 1.39e+01
1.40e+01 1.40e+01 1.40e+01 1.40e+01 1.41e+01 1.41e+01 1.41e+01 1.41e+01 1.41e+01 1.42e+01
1.42e+01 1.42e+01 1.42e+01 1.43e+01 1.43e+01 1.43e+01 1.43e+01 1.43e+01 1.44e+01 1.44e+01
1.44e+01 1.44e+01 1.45e+01 1.45e+01 1.45e+01 1.45e+01 1.45e+01 1.46e+01 1.46e+01 1.46e+01
1.46e+01 1.46e+01 1.47e+01 1.47e+01 1.47e+01 1.47e+01 1.47e+01 1.47e+01 1.48e+01 1.48e+01
1.48e+01 1.48e+01 1.48e+01 1.48e+01 1.49e+01 1.49e+01 1.49e+01 1.49e+01 1.49e+01 1.49e+01
1.49e+01 1.49e+01 1.49e+01 1.50e+01 1.50e+01 1.50e+01 1.50e+01 1.50e+01 1.50e+01 1.50e+01
1.50e+01 1.50e+01 1.50e+01 1.50e+01 1.50e+01 1.50e+01 1.51e+01 1.51e+01 1.51e+01 1.51e+01
1.51e+01 1.51e+01 1.51e+01 1.51e+01 1.51e+01 1.51e+01 1.51e+01 1.51e+01 1.51e+01 1.51e+01
1.51e+01 1.51e+01 1.51e+01 1.51e+01 1.51e+01 1.51e+01 1.51e+01 1.51e+01 1.51e+01 1.51e+01
1.51e+01 1.51e+01 1.51e+01 1.51e+01 1.51e+01 1.51e+01 1.51e+01 1.51e+01 1.51e+01 1.51e+01
1.51e+01 1.51e+01 1.51e+01 1.51e+01 1.51e+01 1.51e+01 1.51e+01 1.51e+01 1.51e+01 1.51e+01
1.51e+01 1.51e+01 1.51e+01 1.51e+01 1.51e+01 1.51e+01 1.51e+01 1.51e+01 1.51e+01 1.51e+01
1.51e+01 1.51e+01 1.51e+01 1.51e+01 1.51e+01 1.51e+01 1.51e+01 1.51e+01 1.51e+01 1.51e+01
1.51e+01 1.51e+01 1.51e+01 1.51e+01 1.51e+01 1.51e+01 1.51e+01 1.51e+01 1.51e+01 1.51e+01
1.51e+01 1.51e+01 1.51e+01 1.51e+01 1.51e+01 1.51e+01 1.51e+01 1.51e+01 1.51e+01 1.51e+01
1.51e+01 1.51e+01 1.51e+01 1.51e+01 1.51e+01 1.51e+01 1.51e+01 1.51e+01 1.51e+01 1.51e+01
1.51e+01 1.51e+01 1.51e+01 1.51e+01 1.51e+01 1.51e+01 1.51e+01 1.51e+01 1.51e+01
[ L.vdc.v1 ]
2      10       0      95                  V1: v1cr1, v1sl1, v1cf1, v1cl1
2      11       0      95                      v1cr2, v1sl2, v1cf2, v1cl2
2      12       0      95                      v1cr3, v1sl3, v1cf3, v1cl3
2      13       0      79                      v1cr4, v1sl4, v1cf4, v1cl4
0.026  0.77852 -.0042426 45.0                  z, wbeg, wspac, wangle (m)
49.13e3                                        Drift velocity (m/s)
TDC Offset Values
   1 1607.9    2 1775.7    3 1599.5    4 1742.5    5 1745.9    6 1774.2    7 1716.1    8 1778.3
   9 1768.9   10 1786.7   11 1773.9   12 1780.3   13 1776.0   14 1782.3   15 1780.1   16 1786.0
  17 1779.2   18 1788.5   19 1786.3   20 1781.0   21 1788.5   22 1783.9   23 1783.3   24 1783.2
  25 1782.5   26 1783.2   27 1782.2   28 1785.6   29 1786.5   30 1787.8   31 1780.6   32 1790.1
  33 1793.2   34 1788.9   35 1787.9   36 1792.2   37 1787.1   38 1792.0   39 1791.4   40 1788.2
  41 1786.7   42 1787.9   43 1789.5   44 1789.7   45 1793.5   46 1791.7   47 1787.5   48 1790.7
  49 1788.6   50 1794.3   51 1785.7   52 1798.1   53 1793.2   54 1793.3   55 1789.6   56 1792.3
  57 1786.6   58 1788.3   59 1786.3   60 1795.1   61 1794.6   62 1783.7   63 1786.2   64 1789.7
  65 1786.7   66 1795.1   67 1784.8   68 1793.0   69 1787.3   70 1791.7   71 1789.8   72 1786.8
  73 1787.3   74 1787.6   75 1790.6   76 1794.5   77 1790.6   78 1788.8   79 1786.4   80 1792.9
  81 1792.8   82 1790.8   83 1786.3   84 1787.9   85 1786.1   86 1785.0   87 1789.9   88 1789.7
  89 1789.3   90 1784.0   91 1784.9   92 1787.9   93 1784.2   94 1788.7   95 1783.8   96 1796.5
  97 1794.8   98 1801.1   99 1798.7  100 1794.6  101 1798.5  102 1795.8  103 1792.1  104 1797.0
 105 1794.2  106 1797.4  107 1800.5  108 1799.6  109 1793.5  110 1792.0  111 1792.0  112 1795.9
 113 1798.0  114 1792.8  115 1795.0  116 1798.3  117 1790.7  118 1795.2  119 1792.2  120 1793.4
 121 1790.1  122 1789.4  123 1795.7  124 1795.2  125 1789.4  126 1791.5  127 1790.3  128 1797.3
 129 1796.4  130 1796.1  131 1796.9  132 1796.5  133 1791.6  134 1791.8  135 1790.2  136 1796.5
 137 1794.3  138 1795.6  139 1792.3  140 1799.9  141 1801.9  142 1801.2  143 1792.8  144 1791.1
 145 1791.2  146 1796.9  147 1792.1  148 1799.9  149 1797.3  150 1795.4  151 1794.3  152 1793.6
 153 1790.5  154 1798.7  155 1790.1  156 1800.8  157 1792.3  158 1797.9  159 1794.8  160 1793.1
 161 1796.6  162 1798.3  163 1793.9  164 1804.1  165 1801.8  166 1800.3  167 1795.2  168 1797.5
 169 1807.9  170 1796.8  171 1807.9  172 1796.4  173 1795.5  174 1802.1  175 1792.9  176 1797.9
 177 1802.4  178 1799.2  179 1796.2  180 1800.4  181 1794.7  182 1798.6  183 1799.7  184 1797.4
 185 1791.4  186 1796.9  187 1789.2  188 1797.7  189 1791.7  190 1793.2  191 1795.3  192 1796.1
 193 1798.8  194 1800.3  195 1794.3  196 1797.3  197 1801.2  198 1801.9  199 1797.3  200 1807.4
 201 1796.1  202 1798.7  203 1797.3  204 1796.8  205 1799.5  206 1797.0  207 1797.7  208 1803.1
 209 1795.8  210 1803.3  211 1803.6  212 1801.4  213 1800.7  214 1800.1  215 1805.2  216 1789.3
 217 1795.0  218 1797.6  219 1796.6  220 1796.6  221 1797.0  222 1799.6  223 1794.2  224 1799.4
 225 1803.0  226 1796.3  227 1801.7  228 1798.3  229 1804.7  230 1797.4  231 1800.1  232 1804.3
 233 1798.1  234 1799.8  235 1804.1  236 1796.5  237 1796.7  238 1796.7  239 1802.2  240 1804.7
 241 1799.5  242 1801.5  243 1802.4  244 1798.5  245 1802.0  246 1803.2  247 1799.5  248 1804.3
 249 1794.3  250 1797.4  251 1797.0  252 1800.0  253 1796.9  254 1797.2  255 1803.2  256 1802.6
 257 1805.1  258 1799.7  259 1806.5  260 1803.7  261 1799.9  262 1804.2  263 1799.1  264 1803.8
 265 1798.5  266 1800.3  267 1801.0  268 1800.8  269 1806.0  270 1797.5  271 1800.7  272 1806.4
 273 1802.4  274 1805.3  275 1805.1  276 1799.5  277 1807.6  278 1803.9  279 1797.7  280 1798.7
 281 1795.9  282 1794.6  283 1796.2  284 1798.4  285 1802.0  286 1795.1  287 1800.3  288 1805.8
 289 1806.4  290 1808.7  291 1802.3  292 1805.0  293 1811.8  294 1804.3  295 1806.5  296 1806.1
 297 1802.8  298 1802.2  299 1800.3  300 1805.7  301 1802.3  302 1800.6  303 1806.7  304 1803.1
 305 1802.2  306 1802.8  307 1801.0  308 1801.9  309 1803.4  310 1808.6  311 1802.0  312 1797.9
 313 1803.6  314 1807.4  315 1800.4  316 1799.6  317 1802.0  318 1802.4  319 1803.7  320 1806.1
 321 1800.8  322 1804.2  323 1795.3  324 1801.8  325 1799.4  326 1800.5  327 1797.1  328 1798.0
 329 1797.9  330 1798.7  331 1788.4  332 1798.2  333 1787.5  334 1790.9  335 1784.2  336 1797.0
 337 1787.4  338 1796.8  339 1789.8  340 1789.0  341 1783.8  342 1788.6  343 1783.2  344 1754.5
 345 1772.3  346 1778.5  347 1751.1  348 1777.8  349 1782.9  350 1757.7  351 1771.7  352 1767.4
 353 1776.6  354 1775.9  355 1773.8  356 1761.8  357 1748.9  358 1739.9  359 1752.9  360 1738.8
 361 1748.8  362 1752.0  363 1756.5  364 1732.4  365 1681.5  366 1771.8  367 1763.7  368 1763.0
TDC Lookup Table
-1.500e-09
602
1.05e-03 2.29e-03 4.01e-03 6.17e-03 8.90e-03 1.28e-02 1.77e-02 2.39e-02 3.15e-02 4.12e-02
5.25e-02 6.60e-02 8.17e-02 9.97e-02 1.20e-01 1.43e-01 1.68e-01 1.95e-01 2.23e-01 2.53e-01
2.85e-01 3.18e-01 3.53e-01 3.89e-01 4.26e-01 4.63e-01 5.01e-01 5.39e-01 5.79e-01 6.19e-01
6.60e-01 7.01e-01 7.42e-01 7.84e-01 8.27e-01 8.69e-01 9.11e-01 9.54e-01 9.98e-01 1.04e+00
1.09e+00 1.13e+00 1.18e+00 1.22e+00 1.27e+00 1.31e+00 1.36e+00 1.41e+00 1.45e+00 1.50e+00
1.54e+00 1.59e+00 1.64e+00 1.68e+00 1.73e+00 1.78e+00 1.82e+00 1.87e+00 1.92e+00 1.96e+00
2.01e+00 2.06e+00 2.10e+00 2.15e+00 2.19e+00 2.24e+00 2.29e+00 2.33e+00 2.38e+00 2.42e+00
2.46e+00 2.51e+00 2.55e+00 2.60e+00 2.64e+00 2.68e+00 2.72e+00 2.76e+00 2.80e+00 2.84e+00
2.88e+00 2.92e+00 2.95e+00 2.99e+00 3.02e+00 3.06e+00 3.09e+00 3.12e+00 3.15e+00 3.18e+00
3.21e+00 3.24e+00 3.27e+00 3.30e+00 3.33e+00 3.36e+00 3.39e+00 3.41e+00 3.44e+00 3.47e+00
3.50e+00 3.53e+00 3.56e+00 3.58e+00 3.61e+00 3.64e+00 3.67e+00 3.70e+00 3.72e+00 3.75e+00
3.78e+00 3.81e+00 3.84e+00 3.87e+00 3.89e+00 3.92e+00 3.95e+00 3.97e+00 4.00e+00 4.03e+00
4.05e+00 4.08e+00 4.11e+00 4.13e+00 4.16e+00 4.18e+00 4.21e+00 4.24e+00 4.26e+00 4.29e+00
4.31e+00 4.34e+00 4.36e+00 4.39e+00 4.41e+00 4.44e+00 4.46e+00 4.49e+00 4.51e+00 4.54e+00
4.56e+00 4.59e+00 4.61e+00 4.64e+00 4.66e+00 4.69e+00 4.71e+00 4.74e+00 4.76e+00 4.79e+00
4.81e+00 4.84e+00 4.86e+00 4.89e+00 4.91e+00 4.94e+00 4.96e+00 4.98e+00 5.01e+00 5.03e+00
5.06e+00 5.08e+00 5.11e+00 5.13e+00 5.16e+00 5.18e+00 5.20e+00 5.23e+00 5.25e+00 5.28e+00
5.30e+00 5.33e+00 5.35e+00 5.37e+00 5.40e+00 5.42e+00 5.45e+00 5.47e+00 5.49e+00 5.52e+00
5.54e+00 5.56e+00 5.59e+00 5.61e+00 5.64e+00 5.66e+00 5.69e+00 5.71e+00 5.73e+00 5.76e+00
5.78e+00 5.81e+00 5.83e+00 5.85e+00 5.88e+00 5.90e+00 5.93e+00 5.95e+00 5.97e+00 6.00e+00
6.02e+00 6.05e+00 6.07e+00 6.09e+00 6.12e+00 6.14e+00 6.16e+00 6.19e+00 6.21e+00 6.24e+00
6.26e+00 6.28e+00 6.31e+00 6.33e+00 6.36e+00 6.38e+00 6.40e+00 6.43e+00 6.45e+00 6.48e+00
6.50e+00 6.52e+00 6.55e+00 6.57e+00 6.60e+00 6.62e+00 6.65e+00 6.67e+00 6.69e+00 6.72e+00
6.74e+00 6.77e+00 6.79e+00 6.82e+00 6.84e+00 6.86e+00 6.89e+00 6.91e+00 6.94e+00 6.96e+00
6.99e+00 7.01e+00 7.03e+00 7.06e+00 7.08e+00 7.11e+00 7.13e+00 7.15e+00 7.18e+00 7.20e+00
7.23e+00 7.25e+00 7.28e+00 7.30e+00 7.33e+00 7.35e+00 7.38e+00 7.40e+00 7.42e+00 7.45e+00
7.47e+00 7.50e+00 7.52e+00 7.55e+00 7.57e+00 7.59e+00 7.62e+00 7.64e+00 7.67e+00 7.69e+00
7.71e+00 7.74e+00 7.76e+00 7.79e+00 7.81e+00 7.83e+00 7.86e+00 7.88e+00 7.91e+00 7.93e+00
7.95e+00 7.98e+00 8.00e+00 8.03e+00 8.05e+00 8.07e+00 8.10e+00 8.12e+00 8.15e+00 8.17e+00
8.19e+00 8.22e+00 8.24e+00 8.27e+00 8.29e+00 8.31e+00 8.34e+00 8.36e+00 8.39e+00 8.41e+00
8.43e+00 8.46e+00 8.48e+00 8.51e+00 8.53e+00 8.55e+00 8.58e+00 8.60e+00 8.62e+00 8.65e+00
8.67e+00 8.70e+00 8.72e+00 8.74e+00 8.77e+00 8.79e+00 8.82e+00 8.84e+00 8.86e+00 8.89e+00
8.91e+00 8.94e+00 8.96e+00 8.98e+00 9.01e+00 9.03e+00 9.06e+00 9.08e+00 9.10e+00 9.13e+00
9.15e+00 9.18e+00 9.20e+00 9.22e+00 9.25e+00 9.27e+00 9.29e+00 9.32e+00 9.34e+00 9.37e+00
9.39e+00 9.41e+00 9.44e+00 9.46e+00 9.48e+00 9.51e+00 9.53e+00 9.56e+00 9.58e+00 9.60e+00
9.63e+00 9.65e+00 9.67e+00 9.70e+00 9.72e+00 9.75e+00 9.77e+00 9.79e+00 9.82e+00 9.84e+00
9.86e+00 9.89e+00 9.91e+00 9.93e+00 9.96e+00 9.98e+00 1.00e+01 1.00e+01 1.01e+01 1.01e+01
1.01e+01 1.01e+01 1.01e+01 1.02e+01 1.02e+01 1.02e+01 1.02e+01 1.03e+01 1.03e+01 1.03e+01
1.03e+01 1.04e+01 1.04e+01 1.04e+01 1.04e+01 1.05e+01 1.05e+01 1.05e+01 1.05e+01 1.05e+01
1.06e+01 1.06e+01 1.06e+01 1.06e+01 1.07e+01 1.07e+01 1.07e+01 1.07e+01 1.08e+01 1.08e+01
1.08e+01 1.08e+01 1.09e+01 1.09e+01 1.09e+01 1.09e+01 1.10e+01 1.10e+01 1.10e+01 1.10e+01
1.10e+01 1.11e+01 1.11e+01 1.11e+01 1.11e+01 1.12e+01 1.12e+01 1.12e+01 1.12e+01 1.13e+01
1.13e+01 1.13e+01 1.13e+01 1.14e+01 1.14e+01 1.14e+01 1.14e+01 1.14e+01 1.15e+01 1.15e+01
1.15e+01 1.15e+01 1.16e+01 1.16e+01 1.16e+01 1.16e+01 1.17e+01 1.17e+01 1.17e+01 1.17e+01
1.18e+01 1.18e+01 1.18e+01 1.18e+01 1.18e+01 1.19e+01 1.19e+01 1.19e+01 1.19e+01 1.20e+01
1.20e+01 1.20e+01 1.20e+01 1.21e+01 1.21e+01 1.21e+01 1.21e+01 1.22e+01 1.22e+01 1.22e+01
1.22e+01 1.22e+01 1.23e+01 1.23e+01 1.23e+01 1.23e+01 1.24e+01 1.24e+01 1.24e+01 1.24e+01
1.25e+01 1.25e+01 1.25e+01 1.25e+01 1.25e+01 1.26e+01 1.26e+01 1.26e+01 1.26e+01 1.27e+01
1.27e+01 1.27e+01 1.27e+01 1.28e+01 1.28e+01 1.28e+01 1.28e+01 1.29e+01 1.29e+01 1.29e+01
1.29e+01 1.29e+01 1.30e+01 1.30e+01 1.30e+01 1.30e+01 1.31e+01 1.31e+01 1.31e+01 1.31e+01
1.32e+01 1.32e+01 1.32e+01 1.32e+01 1.32e+01 1.33e+01 1.33e+01 1.33e+01 1.33e+01 1.34e+01
1.34e+01 1.34e+01 1.34e+01 1.35e+01 1.35e+01 1.35e+01 1.35e+01 1.35e+01 1.36e+01 1.36e+01
1.36e+01 1.36e+01 1.37e+01 1.37e+01 1.37e+01 1.37e+01 1.38e+01 1.38e+01 1.38e+01 1.38e+01
1.38e+01 1.39e+01 1.39e+01 1.39e+01 1.39e+01 1.40e+01 1.40e+01 1.40e+01 1.40e+01 1.41e+01
1.41e+01 1.41e+01 1.41e+01 1.42e+01 1.42e+01 1.42e+01 1.42e+01 1.42e+01 1.43e+01 1.43e+01
1.43e+01 1.43e+01 1.44e+01 1.44e+01 1.44e+01 1.44e+01 1.44e+01 1.45e+01 1.45e+01 1.45e+01
1.45e+01 1.46e+01 1.46e+01 1.46e+01 1.46e+01 1.46e+01 1.47e+01 1.47e+01 1.47e+01 1.47e+01
1.47e+01 1.48e+01 1.48e+01 1.48e+01 1.48e+01 1.48e+01 1.48e+01 1.49e+01 1.49e+01 1.49e+01
1.49e+01 1.49e+01 1.49e+01 1.50e+01 1.50e+01 1.50e+01 1.50e+01 1.50e+01 1.50e+01 1.50e+01
1.50e+01 1.50e+01 1.51e+01 1.51e+01 1.51e+01 1.51e+01 1.51e+01 1.51e+01 1.51e+01 1.51e+01
1.51e+01 1.51e+01 
[ L.vdc.u2 ]
2      14       0      95                  U2: u2cr1, u2sl1, u2cf1, u2cl1
2      15       0      95                  ~~~ u2cr2, u2sl2, u2cf2, u2cl2
2      16       0      95                      u2cr3, u2sl3, u2cf3, u2cl3
2      17       0      79                      u2cr4, u2sl4, u2cf4, u2cl4
0.3348 1.02718 -.0042426 -45.0                 z, wbeg, wspac,, wangle
49.73e3                                        Drift velocity (m/s)
TDC Offset Values
   1 1760.1    2 1742.9    3 1754.6    4 1752.4    5 1774.4    6 1764.4    7 1779.7    8 1782.3
   9 1779.5   10 1786.1   11 1783.4   12 1780.7   13 1780.0   14 1784.4   15 1779.7   16 1787.0
  17 1784.1   18 1786.1   19 1783.0   20 1780.1   21 1778.5   22 1783.8   23 1780.1   24 1786.7
  25 1782.3   26 1784.7   27 1782.0   28 1784.2   29 1786.9   30 1785.9   31 1780.4   32 1787.7
  33 1784.3   34 1788.9   35 1787.0   36 1785.6   37 1787.2   38 1785.8   39 1788.0   40 1786.9
  41 1791.3   42 1790.4   43 1786.9   44 1793.1   45 1788.1   46 1784.3   47 1785.6   48 1787.4
  49 1787.6   50 1786.4   51 1787.2   52 1789.1   53 1786.6   54 1790.6   55 1781.9   56 1783.7
  57 1791.6   58 1792.6   59 1791.0   60 1790.3   61 1786.0   62 1786.5   63 1783.5   64 1790.9
  65 1790.7   66 1792.2   67 1786.2   68 1791.9   69 1796.4   70 1787.7   71 1790.7   72 1788.0
  73 1786.5   74 1788.8   75 1784.8   76 1786.6   77 1790.6   78 1790.2   79 1795.4   80 1790.2
  81 1784.7   82 1788.4   83 1783.3   84 1786.4   85 1785.6   86 1787.4   87 1785.5   88 1784.5
  89 1786.9   90 1786.2   91 1787.4   92 1786.8   93 1783.6   94 1786.0   95 1786.2   96 1794.8
  97 1793.0   98 1795.3   99 1796.3  100 1797.4  101 1795.6  102 1797.6  103 1794.6  104 1794.1
 105 1794.9  106 1796.2  107 1793.1  108 1797.3  109 1797.0  110 1793.2  111 1789.4  112 1799.0
 113 1791.9  114 1795.2  115 1796.3  116 1797.4  117 1790.8  118 1793.2  119 1794.1  120 1799.5
 121 1787.4  122 1788.8  123 1789.1  124 1794.5  125 1787.5  126 1797.5  127 1792.3  128 1799.4
 129 1790.2  130 1797.8  131 1795.7  132 1798.3  133 1796.3  134 1789.8  135 1793.6  136 1802.3
 137 1792.1  138 1793.5  139 1794.9  140 1792.9  141 1795.1  142 1794.1  143 1800.2  144 1793.7
 145 1792.0  146 1794.7  147 1798.2  148 1795.2  149 1798.4  150 1800.2  151 1796.7  152 1795.2
 153 1794.8  154 1790.9  155 1792.5  156 1792.4  157 1791.9  158 1794.9  159 1788.4  160 1798.8
 161 1797.5  162 1800.9  163 1797.7  164 1803.7  165 1796.7  166 1801.0  167 1794.4  168 1797.3
 169 1797.1  170 1794.1  171 1795.8  172 1797.3  173 1798.0  174 1794.7  175 1793.9  176 1795.3
 177 1798.1  178 1796.3  179 1796.6  180 1800.3  181 1796.2  182 1801.6  183 1795.8  184 1796.7
 185 1795.0  186 1796.9  187 1790.0  188 1797.2  189 1792.4  190 1796.1  191 1796.8  192 1796.9
 193 1796.1  194 1799.9  195 1794.2  196 1800.8  197 1806.9  198 1805.3  199 1797.7  200 1798.1
 201 1802.3  202 1801.9  203 1797.8  204 1797.0  205 1800.4  206 1796.2  207 1798.6  208 1798.7
 209 1798.2  210 1800.6  211 1803.4  212 1807.1  213 1805.4  214 1806.1  215 1800.0  216 1800.5
 217 1804.4  218 1796.6  219 1794.4  220 1796.2  221 1800.6  222 1794.7  223 1796.6  224 1800.1
 225 1801.4  226 1801.9  227 1810.1  228 1803.4  229 1800.5  230 1805.2  231 1799.9  232 1802.7
 233 1804.7  234 1799.9  235 1801.0  236 1801.9  237 1797.2  238 1799.6  239 1799.2  240 1800.9
 241 1798.0  242 1800.8  243 1805.2  244 1797.3  245 1803.4  246 1799.0  247 1798.3  248 1797.8
 249 1797.0  250 1804.4  251 1796.6  252 1797.5  253 1796.1  254 1796.2  255 1802.6  256 1804.3
 257 1796.1  258 1799.8  259 1797.6  260 1799.9  261 1802.2  262 1794.9  263 1798.7  264 1799.8
 265 1800.7  266 1799.3  267 1801.9  268 1799.9  269 1795.9  270 1804.1  271 1798.1  272 1800.8
 273 1805.9  274 1798.8  275 1804.2  276 1800.9  277 1799.7  278 1800.0  279 1803.9  280 1802.0
 281 1796.6  282 1800.0  283 1798.9  284 1798.3  285 1802.7  286 1800.6  287 1797.9  288 1812.2
 289 1807.5  290 1811.7  291 1808.9  292 1804.9  293 1804.8  294 1808.3  295 1809.2  296 1804.4
 297 1815.5  298 1807.5  299 1805.9  300 1807.7  301 1803.9  302 1802.7  303 1802.0  304 1805.0
 305 1802.7  306 1807.5  307 1802.1  308 1808.8  309 1802.3  310 1807.7  311 1807.6  312 1805.7
 313 1799.6  314 1801.1  315 1800.9  316 1805.1  317 1802.2  318 1799.9  319 1801.6  320 1806.7
 321 1807.7  322 1805.1  323 1803.5  324 1799.6  325 1795.4  326 1800.2  327 1802.2  328 1801.9
 329 1798.9  330 1805.2  331 1799.3  332 1804.6  333 1800.1  334 1805.4  335 1798.0  336 1799.9
 337 1799.2  338 1802.0  339 1797.1  340 1795.8  341 1799.1  342 1795.4  343 1794.1  344 1794.5
 345 1793.9  346 1791.3  347 1788.8  348 1791.5  349 1787.9  350 1790.9  351 1777.5  352 1795.4
 353 1791.4  354 1783.2  355 1771.2  356 1782.9  357 1790.5  358 1746.0  359 1767.1  360 1776.3
 361 1784.1  362 1727.3  363 1781.1  364 1751.5  365 1386.8  366 1767.2  367 1780.8  368 1689.9
TDC Lookup Table
0.000e+00
799
5.91e-03 1.02e-02 1.59e-02 2.32e-02 3.25e-02 4.38e-02 5.75e-02 7.37e-02 9.24e-02 1.14e-01
1.38e-01 1.65e-01 1.93e-01 2.24e-01 2.56e-01 2.90e-01 3.26e-01 3.62e-01 3.99e-01 4.38e-01
4.77e-01 5.17e-01 5.57e-01 5.98e-01 6.39e-01 6.81e-01 7.23e-01 7.66e-01 8.09e-01 8.52e-01
8.96e-01 9.40e-01 9.84e-01 1.03e+00 1.07e+00 1.12e+00 1.16e+00 1.21e+00 1.25e+00 1.30e+00
1.34e+00 1.39e+00 1.44e+00 1.48e+00 1.53e+00 1.57e+00 1.62e+00 1.67e+00 1.71e+00 1.76e+00
1.81e+00 1.85e+00 1.90e+00 1.94e+00 1.99e+00 2.04e+00 2.08e+00 2.13e+00 2.17e+00 2.22e+00
2.27e+00 2.31e+00 2.36e+00 2.40e+00 2.44e+00 2.49e+00 2.53e+00 2.58e+00 2.62e+00 2.66e+00
2.70e+00 2.75e+00 2.79e+00 2.83e+00 2.87e+00 2.90e+00 2.94e+00 2.98e+00 3.02e+00 3.05e+00
3.08e+00 3.12e+00 3.15e+00 3.18e+00 3.21e+00 3.24e+00 3.27e+00 3.30e+00 3.33e+00 3.36e+00
3.38e+00 3.41e+00 3.44e+00 3.47e+00 3.50e+00 3.52e+00 3.55e+00 3.58e+00 3.61e+00 3.64e+00
3.67e+00 3.69e+00 3.72e+00 3.75e+00 3.78e+00 3.80e+00 3.83e+00 3.86e+00 3.89e+00 3.91e+00
3.94e+00 3.97e+00 3.99e+00 4.02e+00 4.05e+00 4.07e+00 4.10e+00 4.13e+00 4.15e+00 4.18e+00
4.21e+00 4.23e+00 4.26e+00 4.28e+00 4.31e+00 4.33e+00 4.36e+00 4.39e+00 4.41e+00 4.44e+00
4.46e+00 4.49e+00 4.51e+00 4.54e+00 4.56e+00 4.59e+00 4.61e+00 4.64e+00 4.66e+00 4.69e+00
4.71e+00 4.74e+00 4.76e+00 4.79e+00 4.81e+00 4.84e+00 4.86e+00 4.89e+00 4.91e+00 4.94e+00
4.96e+00 4.99e+00 5.01e+00 5.04e+00 5.06e+00 5.08e+00 5.11e+00 5.13e+00 5.16e+00 5.18e+00
5.21e+00 5.23e+00 5.26e+00 5.28e+00 5.31e+00 5.33e+00 5.36e+00 5.38e+00 5.40e+00 5.43e+00
5.45e+00 5.48e+00 5.50e+00 5.52e+00 5.55e+00 5.57e+00 5.60e+00 5.62e+00 5.64e+00 5.67e+00
5.69e+00 5.72e+00 5.74e+00 5.76e+00 5.79e+00 5.81e+00 5.83e+00 5.86e+00 5.88e+00 5.91e+00
5.93e+00 5.95e+00 5.98e+00 6.00e+00 6.03e+00 6.05e+00 6.07e+00 6.10e+00 6.12e+00 6.14e+00
6.17e+00 6.19e+00 6.22e+00 6.24e+00 6.26e+00 6.29e+00 6.31e+00 6.34e+00 6.36e+00 6.38e+00
6.41e+00 6.43e+00 6.45e+00 6.48e+00 6.50e+00 6.53e+00 6.55e+00 6.57e+00 6.60e+00 6.62e+00
6.65e+00 6.67e+00 6.70e+00 6.72e+00 6.74e+00 6.77e+00 6.79e+00 6.82e+00 6.84e+00 6.86e+00
6.89e+00 6.91e+00 6.94e+00 6.96e+00 6.99e+00 7.01e+00 7.03e+00 7.06e+00 7.09e+00 7.11e+00
7.13e+00 7.16e+00 7.18e+00 7.21e+00 7.23e+00 7.26e+00 7.28e+00 7.30e+00 7.33e+00 7.35e+00
7.38e+00 7.40e+00 7.43e+00 7.45e+00 7.47e+00 7.50e+00 7.52e+00 7.55e+00 7.57e+00 7.60e+00
7.62e+00 7.64e+00 7.67e+00 7.69e+00 7.72e+00 7.74e+00 7.76e+00 7.79e+00 7.81e+00 7.84e+00
7.86e+00 7.88e+00 7.91e+00 7.93e+00 7.96e+00 7.98e+00 8.00e+00 8.03e+00 8.05e+00 8.08e+00
8.10e+00 8.12e+00 8.15e+00 8.17e+00 8.20e+00 8.22e+00 8.24e+00 8.27e+00 8.29e+00 8.31e+00
8.34e+00 8.36e+00 8.39e+00 8.41e+00 8.43e+00 8.46e+00 8.48e+00 8.50e+00 8.53e+00 8.55e+00
8.58e+00 8.60e+00 8.62e+00 8.65e+00 8.67e+00 8.69e+00 8.72e+00 8.74e+00 8.76e+00 8.79e+00
8.81e+00 8.84e+00 8.86e+00 8.88e+00 8.91e+00 8.93e+00 8.95e+00 8.98e+00 9.00e+00 9.03e+00
9.05e+00 9.07e+00 9.10e+00 9.12e+00 9.15e+00 9.17e+00 9.19e+00 9.22e+00 9.24e+00 9.26e+00
9.29e+00 9.31e+00 9.34e+00 9.36e+00 9.38e+00 9.41e+00 9.43e+00 9.45e+00 9.48e+00 9.50e+00
9.53e+00 9.55e+00 9.57e+00 9.60e+00 9.62e+00 9.64e+00 9.67e+00 9.69e+00 9.71e+00 9.74e+00
9.76e+00 9.78e+00 9.81e+00 9.83e+00 9.85e+00 9.88e+00 9.90e+00 9.92e+00 9.95e+00 9.97e+00
9.99e+00 1.00e+01 1.00e+01 1.01e+01 1.01e+01 1.01e+01 1.01e+01 1.02e+01 1.02e+01 1.02e+01
1.02e+01 1.03e+01 1.03e+01 1.03e+01 1.03e+01 1.03e+01 1.04e+01 1.04e+01 1.04e+01 1.04e+01
1.05e+01 1.05e+01 1.05e+01 1.05e+01 1.06e+01 1.06e+01 1.06e+01 1.06e+01 1.07e+01 1.07e+01
1.07e+01 1.07e+01 1.07e+01 1.08e+01 1.08e+01 1.08e+01 1.08e+01 1.09e+01 1.09e+01 1.09e+01
1.09e+01 1.10e+01 1.10e+01 1.10e+01 1.10e+01 1.11e+01 1.11e+01 1.11e+01 1.11e+01 1.11e+01
1.12e+01 1.12e+01 1.12e+01 1.12e+01 1.13e+01 1.13e+01 1.13e+01 1.13e+01 1.14e+01 1.14e+01
1.14e+01 1.14e+01 1.15e+01 1.15e+01 1.15e+01 1.15e+01 1.15e+01 1.16e+01 1.16e+01 1.16e+01
1.16e+01 1.17e+01 1.17e+01 1.17e+01 1.17e+01 1.18e+01 1.18e+01 1.18e+01 1.18e+01 1.19e+01
1.19e+01 1.19e+01 1.19e+01 1.19e+01 1.20e+01 1.20e+01 1.20e+01 1.20e+01 1.21e+01 1.21e+01
1.21e+01 1.21e+01 1.22e+01 1.22e+01 1.22e+01 1.22e+01 1.22e+01 1.23e+01 1.23e+01 1.23e+01
1.23e+01 1.24e+01 1.24e+01 1.24e+01 1.24e+01 1.25e+01 1.25e+01 1.25e+01 1.25e+01 1.26e+01
1.26e+01 1.26e+01 1.26e+01 1.26e+01 1.27e+01 1.27e+01 1.27e+01 1.27e+01 1.28e+01 1.28e+01
1.28e+01 1.28e+01 1.29e+01 1.29e+01 1.29e+01 1.29e+01 1.29e+01 1.30e+01 1.30e+01 1.30e+01
1.30e+01 1.31e+01 1.31e+01 1.31e+01 1.31e+01 1.32e+01 1.32e+01 1.32e+01 1.32e+01 1.33e+01
1.33e+01 1.33e+01 1.33e+01 1.33e+01 1.34e+01 1.34e+01 1.34e+01 1.34e+01 1.35e+01 1.35e+01
1.35e+01 1.35e+01 1.36e+01 1.36e+01 1.36e+01 1.36e+01 1.36e+01 1.37e+01 1.37e+01 1.37e+01
1.37e+01 1.38e+01 1.38e+01 1.38e+01 1.38e+01 1.39e+01 1.39e+01 1.39e+01 1.39e+01 1.39e+01
1.40e+01 1.40e+01 1.40e+01 1.40e+01 1.41e+01 1.41e+01 1.41e+01 1.41e+01 1.42e+01 1.42e+01
1.42e+01 1.42e+01 1.42e+01 1.43e+01 1.43e+01 1.43e+01 1.43e+01 1.44e+01 1.44e+01 1.44e+01
1.44e+01 1.44e+01 1.45e+01 1.45e+01 1.45e+01 1.45e+01 1.45e+01 1.46e+01 1.46e+01 1.46e+01
1.46e+01 1.46e+01 1.47e+01 1.47e+01 1.47e+01 1.47e+01 1.47e+01 1.48e+01 1.48e+01 1.48e+01
1.48e+01 1.48e+01 1.48e+01 1.48e+01 1.49e+01 1.49e+01 1.49e+01 1.49e+01 1.49e+01 1.49e+01
1.49e+01 1.49e+01 1.50e+01 1.50e+01 1.50e+01 1.50e+01 1.50e+01 1.50e+01 1.50e+01 1.50e+01
1.50e+01 1.50e+01 1.50e+01 1.50e+01 1.50e+01 1.51e+01 1.51e+01 1.51e+01 1.51e+01 1.51e+01
1.51e+01 1.51e+01 1.51e+01 1.51e+01 1.51e+01 1.51e+01 1.51e+01 1.51e+01 1.51e+01 1.51e+01
1.51e+01 1.51e+01 1.51e+01 1.51e+01 1.51e+01 1.51e+01 1.51e+01 1.51e+01 1.51e+01 1.51e+01
1.51e+01 1.51e+01 1.51e+01 1.51e+01 1.51e+01 1.51e+01 1.51e+01 1.51e+01 1.51e+01 1.51e+01
1.51e+01 1.51e+01 1.51e+01 1.51e+01 1.51e+01 1.51e+01 1.51e+01 1.51e+01 1.51e+01 1.51e+01
1.51e+01 1.51e+01 1.51e+01 1.51e+01 1.51e+01 1.51e+01 1.51e+01 1.51e+01 1.51e+01 1.51e+01
1.51e+01 1.51e+01 1.51e+01 1.51e+01 1.51e+01 1.51e+01 1.51e+01 1.51e+01 1.51e+01 1.51e+01
1.51e+01 1.51e+01 1.51e+01 1.51e+01 1.51e+01 1.51e+01 1.51e+01 1.51e+01 1.51e+01 1.51e+01
1.51e+01 1.51e+01 1.51e+01 1.51e+01 1.51e+01 1.51e+01 1.51e+01 1.51e+01 1.51e+01 1.51e+01
1.51e+01 1.51e+01 1.51e+01 1.51e+01 1.51e+01 1.51e+01 1.51e+01 1.51e+01 1.51e+01 1.51e+01
1.51e+01 1.51e+01 1.51e+01 1.51e+01 1.51e+01 1.51e+01 1.51e+01 1.51e+01 1.51e+01 1.51e+01
1.51e+01 1.51e+01 1.51e+01 1.51e+01 1.51e+01 1.51e+01 1.51e+01 1.51e+01 1.51e+01 1.51e+01
1.51e+01 1.51e+01 1.51e+01 1.51e+01 1.51e+01 1.51e+01 1.51e+01 1.51e+01 1.51e+01 1.51e+01
1.51e+01 1.51e+01 1.51e+01 1.51e+01 1.51e+01 1.51e+01 1.51e+01 1.51e+01 1.51e+01 1.51e+01
1.51e+01 1.51e+01 1.51e+01 1.51e+01 1.51e+01 1.51e+01 1.51e+01 1.51e+01 1.51e+01 1.51e+01
1.51e+01 1.51e+01 1.51e+01 1.51e+01 1.51e+01 1.51e+01 1.51e+01 1.51e+01 1.51e+01 1.51e+01
1.51e+01 1.51e+01 1.51e+01 1.51e+01 1.51e+01 1.51e+01 1.51e+01 1.51e+01 1.51e+01 1.51e+01
1.51e+01 1.51e+01 1.51e+01 1.51e+01 1.51e+01 1.51e+01 1.51e+01 1.51e+01 1.51e+01 1.51e+01
1.51e+01 1.51e+01 1.51e+01 1.51e+01 1.51e+01 1.51e+01 1.51e+01 1.51e+01 1.51e+01 1.51e+01
1.51e+01 1.51e+01 1.51e+01 1.51e+01 1.51e+01 1.51e+01 1.51e+01 1.51e+01 1.51e+01 1.51e+01
1.51e+01 1.51e+01 1.51e+01 1.51e+01 1.51e+01 1.51e+01 1.51e+01 1.51e+01 7.99e-44 
[ L.vdc.v2 ]
2      18       0      95                  V2: v2cr1, v2sl1, v2cf1, v2cl1
2      19       0      95                  ~~~ v2cr2, v2sl2, v2cf2, v2cl
2      20       0      95                      v2cr3, v2sl3, v2cf3, v2cl3
2      21       0      79                      v2cr4, v2sl4, v2cf4, v2cl4
0.3609 1.02718 -.0042426 45.0                  z, wbeg, wspac, wangle       
49.19e3                                        Drift velocity (m/s)
TDC Offset Values   
   1 1758.1    2 1704.0    3 1753.9    4 1784.7    5 1432.5    6 1785.6    7 1785.9    8 1788.2
   9 1783.6   10 1777.4   11 1786.4   12 1786.3   13 1787.0   14 1789.5   15 1788.4   16 1791.1
  17 1790.8   18 1800.7   19 1792.5   20 1793.9   21 1794.2   22 1789.0   23 1786.8   24 1790.9
  25 1789.7   26 1787.1   27 1787.9   28 1787.9   29 1793.0   30 1787.4   31 1787.5   32 1792.6
  33 1786.3   34 1794.8   35 1792.3   36 1793.0   37 1794.5   38 1789.0   39 1794.2   40 1793.6
  41 1793.2   42 1797.9   43 1791.6   44 1792.9   45 1790.1   46 1795.2   47 1786.1   48 1791.5
  49 1792.2   50 1790.7   51 1792.0   52 1794.6   53 1791.7   54 1791.8   55 1790.8   56 1784.0
  57 1785.6   58 1788.1   59 1781.4   60 1792.1   61 1791.8   62 1785.9   63 1790.6   64 1795.7
  65 1793.7   66 1795.5   67 1792.2   68 1789.1   69 1793.7   70 1793.7   71 1795.7   72 1791.7
  73 1804.6   74 1793.9   75 1791.2   76 1793.5   77 1790.9   78 1793.7   79 1792.3   80 1792.0
  81 1790.2   82 1795.4   83 1789.0   84 1794.0   85 1798.6   86 1791.3   87 1790.7   88 1791.1
  89 1786.8   90 1797.0   91 1789.6   92 1793.6   93 1790.3   94 1787.6   95 1787.9   96 1801.5
  97 1797.9   98 1796.8   99 1794.4  100 1797.3  101 1796.7  102 1796.0  103 1805.1  104 1797.3
 105 1799.1  106 1797.6  107 1795.5  108 1796.0  109 1797.0  110 1798.8  111 1790.3  112 1798.1
 113 1792.2  114 1798.2  115 1794.8  116 1798.1  117 1791.3  118 1796.9  119 1797.5  120 1799.2
 121 1797.8  122 1794.4  123 1791.0  124 1799.2  125 1793.9  126 1800.0  127 1805.3  128 1800.8
 129 1796.3  130 1800.0  131 1796.5  132 1795.2  133 1795.6  134 1798.3  135 1795.5  136 1792.9
 137 1795.2  138 1796.7  139 1799.8  140 1796.4  141 1798.1  142 1797.4  143 1798.1  144 1807.8
 145 1797.5  146 1803.0  147 1793.8  148 1797.5  149 1801.2  150 1800.8  151 1798.3  152 1798.0
 153 1796.4  154 1796.7  155 1798.8  156 1792.6  157 1798.7  158 1795.8  159 1788.5  160 1796.8
 161 1797.7  162 1802.4  163 1797.1  164 1795.6  165 1802.3  166 1792.4  167 1798.0  168 1794.9
 169 1796.8  170 1798.3  171 1798.2  172 1801.8  173 1794.2  174 1799.9  175 1796.1  176 1796.8
 177 1800.6  178 1799.1  179 1795.6  180 1797.3  181 1797.1  182 1800.7  183 1793.2  184 1798.6
 185 1795.6  186 1796.1  187 1792.0  188 1797.8  189 1798.1  190 1803.0  191 1791.1  192 1799.4
 193 1804.5  194 1806.1  195 1797.2  196 1808.2  197 1805.0  198 1797.0  199 1800.5  200 1803.5
 201 1798.9  202 1802.0  203 1802.4  204 1810.6  205 1809.2  206 1805.1  207 1803.5  208 1801.6
 209 1800.7  210 1807.2  211 1804.9  212 1803.8  213 1799.0  214 1804.5  215 1802.4  216 1803.3
 217 1800.4  218 1804.7  219 1807.7  220 1808.5  221 1800.0  222 1808.2  223 1803.5  224 1804.3
 225 1799.9  226 1802.9  227 1801.4  228 1803.7  229 1798.8  230 1803.8  231 1806.9  232 1804.5
 233 1800.1  234 1799.1  235 1796.5  236 1800.2  237 1798.4  238 1798.4  239 1797.9  240 1802.0
 241 1804.1  242 1807.5  243 1801.4  244 1807.8  245 1801.2  246 1802.5  247 1802.6  248 1802.1
 249 1802.4  250 1800.9  251 1799.5  252 1801.8  253 1799.1  254 1799.7  255 1799.2  256 1802.8
 257 1802.9  258 1806.1  259 1798.5  260 1804.1  261 1800.9  262 1798.9  263 1801.1  264 1802.7
 265 1797.6  266 1804.8  267 1804.4  268 1809.9  269 1802.0  270 1801.0  271 1801.5  272 1804.0
 273 1797.9  274 1803.5  275 1801.4  276 1804.8  277 1799.8  278 1803.8  279 1804.2  280 1799.7
 281 1801.0  282 1802.9  283 1793.6  284 1802.1  285 1797.7  286 1807.6  287 1795.3  288 1807.6
 289 1806.2  290 1813.6  291 1809.9  292 1806.4  293 1808.0  294 1803.8  295 1809.6  296 1807.1
 297 1805.7  298 1807.2  299 1804.9  300 1808.5  301 1804.8  302 1804.7  303 1804.4  304 1806.0
 305 1804.1  306 1813.2  307 1804.3  308 1807.6  309 1800.3  310 1810.8  311 1804.9  312 1798.9
 313 1802.5  314 1804.0  315 1801.5  316 1798.6  317 1803.1  318 1803.5  319 1804.6  320 1806.0
 321 1803.0  322 1806.0  323 1802.8  324 1802.7  325 1800.7  326 1804.7  327 1810.8  328 1801.4
 329 1802.5  330 1810.4  331 1796.1  332 1801.0  333 1803.5  334 1803.7  335 1793.8  336 1801.6
 337 1795.7  338 1794.7  339 1794.1  340 1803.3  341 1799.4  342 1793.3  343 1796.2  344 1800.0
 345 1792.1  346 1790.1  347 1778.9  348 1792.9  349 1793.6  350 1780.0  351 1786.7  352 1788.6
 353 1772.2  354 1777.3  355 1784.5  356 1775.2  357 1767.3  358 1784.7  359 1772.5  360 1790.8
 361 1762.1  362 1744.2  363 1757.4  364 1780.4  365 1760.8  366 1744.8  367 1727.0  368   0.0
TDC Lookup Table
-1.500e-09
602
0.00e+00 0.00e+00 0.00e+00 0.00e+00 0.00e+00 0.00e+00 0.00e+00 0.00e+00 0.00e+00 0.00e+00
0.00e+00 0.00e+00 0.00e+00 0.00e+00 0.00e+00 0.00e+00 0.00e+00 0.00e+00 0.00e+00 0.00e+00
0.00e+00 0.00e+00 0.00e+00 0.00e+00 0.00e+00 0.00e+00 0.00e+00 0.00e+00 0.00e+00 0.00e+00
0.00e+00 0.00e+00 0.00e+00 0.00e+00 0.00e+00 0.00e+00 0.00e+00 0.00e+00 0.00e+00 0.00e+00
0.00e+00 0.00e+00 0.00e+00 0.00e+00 0.00e+00 0.00e+00 0.00e+00 0.00e+00 0.00e+00 0.00e+00
0.00e+00 0.00e+00 0.00e+00 0.00e+00 0.00e+00 0.00e+00 0.00e+00 0.00e+00 0.00e+00 0.00e+00
0.00e+00 0.00e+00 0.00e+00 0.00e+00 0.00e+00 0.00e+00 0.00e+00 0.00e+00 0.00e+00 0.00e+00
0.00e+00 0.00e+00 0.00e+00 0.00e+00 0.00e+00 0.00e+00 0.00e+00 0.00e+00 0.00e+00 0.00e+00
0.00e+00 0.00e+00 0.00e+00 0.00e+00 0.00e+00 0.00e+00 0.00e+00 0.00e+00 0.00e+00 0.00e+00
0.00e+00 0.00e+00 0.00e+00 0.00e+00 0.00e+00 0.00e+00 0.00e+00 0.00e+00 0.00e+00 0.00e+00
0.00e+00 0.00e+00 0.00e+00 0.00e+00 0.00e+00 0.00e+00 0.00e+00 0.00e+00 0.00e+00 0.00e+00
0.00e+00 0.00e+00 0.00e+00 0.00e+00 0.00e+00 0.00e+00 0.00e+00 0.00e+00 0.00e+00 0.00e+00
0.00e+00 0.00e+00 0.00e+00 0.00e+00 0.00e+00 0.00e+00 0.00e+00 0.00e+00 0.00e+00 0.00e+00
0.00e+00 0.00e+00 0.00e+00 0.00e+00 0.00e+00 0.00e+00 0.00e+00 0.00e+00 0.00e+00 0.00e+00
0.00e+00 0.00e+00 0.00e+00 0.00e+00 0.00e+00 0.00e+00 0.00e+00 0.00e+00 0.00e+00 0.00e+00
0.00e+00 0.00e+00 0.00e+00 0.00e+00 0.00e+00 0.00e+00 0.00e+00 0.00e+00 0.00e+00 0.00e+00
0.00e+00 0.00e+00 0.00e+00 0.00e+00 0.00e+00 0.00e+00 0.00e+00 0.00e+00 0.00e+00 0.00e+00
0.00e+00 0.00e+00 0.00e+00 0.00e+00 0.00e+00 0.00e+00 0.00e+00 0.00e+00 0.00e+00 0.00e+00
0.00e+00 0.00e+00 0.00e+00 0.00e+00 0.00e+00 0.00e+00 0.00e+00 0.00e+00 0.00e+00 0.00e+00
0.00e+00 0.00e+00 0.00e+00 0.00e+00 0.00e+00 0.00e+00 1.02e-03 2.31e-03 4.06e-03 6.24e-03
9.10e-03 1.28e-02 1.77e-02 2.39e-02 3.19e-02 4.16e-02 5.27e-02 6.59e-02 8.12e-02 9.88e-02
1.18e-01 1.40e-01 1.64e-01 1.90e-01 2.18e-01 2.47e-01 2.79e-01 3.11e-01 3.44e-01 3.78e-01
4.14e-01 4.50e-01 4.88e-01 5.25e-01 5.64e-01 6.03e-01 6.43e-01 6.83e-01 7.24e-01 7.65e-01
8.06e-01 8.47e-01 8.90e-01 9.33e-01 9.76e-01 1.02e+00 1.06e+00 1.11e+00 1.16e+00 1.20e+00
1.25e+00 1.29e+00 1.34e+00 1.38e+00 1.43e+00 1.48e+00 1.52e+00 1.57e+00 1.62e+00 1.66e+00
1.71e+00 1.76e+00 1.80e+00 1.85e+00 1.90e+00 1.94e+00 1.99e+00 2.04e+00 2.08e+00 2.13e+00
2.18e+00 2.22e+00 2.27e+00 2.32e+00 2.36e+00 2.41e+00 2.45e+00 2.50e+00 2.54e+00 2.58e+00
2.63e+00 2.67e+00 2.71e+00 2.75e+00 2.79e+00 2.83e+00 2.87e+00 2.91e+00 2.95e+00 2.98e+00
3.02e+00 3.05e+00 3.09e+00 3.12e+00 3.15e+00 3.18e+00 3.21e+00 3.24e+00 3.27e+00 3.30e+00
3.33e+00 3.36e+00 3.39e+00 3.41e+00 3.44e+00 3.47e+00 3.50e+00 3.53e+00 3.56e+00 3.58e+00
3.61e+00 3.64e+00 3.67e+00 3.70e+00 3.72e+00 3.75e+00 3.78e+00 3.80e+00 3.83e+00 3.86e+00
3.89e+00 3.91e+00 3.94e+00 3.97e+00 3.99e+00 4.02e+00 4.05e+00 4.07e+00 4.10e+00 4.13e+00
4.15e+00 4.18e+00 4.20e+00 4.23e+00 4.26e+00 4.28e+00 4.31e+00 4.33e+00 4.36e+00 4.38e+00
4.41e+00 4.43e+00 4.46e+00 4.48e+00 4.51e+00 4.53e+00 4.56e+00 4.58e+00 4.61e+00 4.63e+00
4.66e+00 4.68e+00 4.71e+00 4.73e+00 4.76e+00 4.78e+00 4.81e+00 4.83e+00 4.86e+00 4.88e+00
4.91e+00 4.93e+00 4.95e+00 4.98e+00 5.00e+00 5.03e+00 5.05e+00 5.08e+00 5.10e+00 5.13e+00
5.15e+00 5.17e+00 5.20e+00 5.22e+00 5.25e+00 5.27e+00 5.30e+00 5.32e+00 5.34e+00 5.37e+00
5.39e+00 5.41e+00 5.44e+00 5.46e+00 5.49e+00 5.51e+00 5.53e+00 5.56e+00 5.58e+00 5.61e+00
5.63e+00 5.65e+00 5.68e+00 5.70e+00 5.72e+00 5.75e+00 5.77e+00 5.80e+00 5.82e+00 5.84e+00
5.87e+00 5.89e+00 5.91e+00 5.94e+00 5.96e+00 5.99e+00 6.01e+00 6.03e+00 6.06e+00 6.08e+00
6.11e+00 6.13e+00 6.15e+00 6.18e+00 6.20e+00 6.23e+00 6.25e+00 6.27e+00 6.30e+00 6.32e+00
6.35e+00 6.37e+00 6.39e+00 6.42e+00 6.44e+00 6.47e+00 6.49e+00 6.51e+00 6.54e+00 6.56e+00
6.59e+00 6.61e+00 6.63e+00 6.66e+00 6.68e+00 6.71e+00 6.73e+00 6.76e+00 6.78e+00 6.80e+00
6.83e+00 6.85e+00 6.88e+00 6.90e+00 6.92e+00 6.95e+00 6.97e+00 7.00e+00 7.02e+00 7.05e+00
7.07e+00 7.09e+00 7.12e+00 7.14e+00 7.17e+00 7.19e+00 7.22e+00 7.24e+00 7.26e+00 7.29e+00
7.31e+00 7.34e+00 7.36e+00 7.39e+00 7.41e+00 7.44e+00 7.46e+00 7.48e+00 7.51e+00 7.53e+00
7.56e+00 7.58e+00 7.61e+00 7.63e+00 7.65e+00 7.68e+00 7.70e+00 7.73e+00 7.75e+00 7.77e+00
7.80e+00 7.82e+00 7.85e+00 7.87e+00 7.90e+00 7.92e+00 7.94e+00 7.97e+00 7.99e+00 8.02e+00
8.04e+00 8.07e+00 8.09e+00 8.11e+00 8.14e+00 8.16e+00 8.19e+00 8.21e+00 8.23e+00 8.26e+00
8.28e+00 8.31e+00 8.33e+00 8.36e+00 8.38e+00 8.40e+00 8.43e+00 8.45e+00 8.47e+00 8.50e+00
8.52e+00 8.55e+00 8.57e+00 8.59e+00 8.62e+00 8.64e+00 8.67e+00 8.69e+00 8.71e+00 8.74e+00
8.76e+00 8.78e+00 8.81e+00 8.83e+00 8.86e+00 8.88e+00 8.90e+00 8.93e+00 8.95e+00 8.97e+00
9.00e+00 9.02e+00 9.05e+00 9.07e+00 9.09e+00 9.12e+00 9.14e+00 9.17e+00 9.19e+00 9.21e+00
9.24e+00 9.26e+00 9.28e+00 9.31e+00 9.33e+00 9.36e+00 9.38e+00 9.40e+00 9.43e+00 9.45e+00
9.48e+00 9.50e+00 9.52e+00 9.55e+00 9.57e+00 9.60e+00 9.62e+00 9.64e+00 9.67e+00 9.69e+00
9.71e+00 9.74e+00 9.76e+00 9.79e+00 9.81e+00 9.83e+00 9.86e+00 9.88e+00 9.91e+00 9.93e+00
9.96e+00 9.98e+00 1.00e+01 1.00e+01 1.01e+01 1.01e+01 1.01e+01 1.01e+01 1.01e+01 1.02e+01
1.02e+01 1.02e+01 1.02e+01 1.03e+01 1.03e+01 1.03e+01 1.03e+01 1.04e+01 1.04e+01 1.04e+01
1.04e+01 1.05e+01 1.05e+01 1.05e+01 1.05e+01 1.05e+01 1.06e+01 1.06e+01 1.06e+01 1.06e+01
1.07e+01 1.07e+01 1.07e+01 1.07e+01 1.08e+01 1.08e+01 1.08e+01 1.08e+01 1.09e+01 1.09e+01
1.09e+01 1.09e+01 
[ L.global ]
0.3327 1                     Plane Spacing, TTD Converter
matrix elements
T 0 0 0 -1.0045E+00 -3.3660E-01 -4.4765E-02  0.0000E+00  0.0000E+00  0.0000E+00   0.0000E+00
Y 0 0 0 -4.9402E-03 -9.5018E-04  2.4267E-03  1.1005E-03  1.0780E-03  0.0000E+00   0.0000E+00
P 0 0 0  8.5942E-04 -2.5616E-03  2.7954E-04 -9.2772E-04  0.0000E+00  0.0000E+00   0.0000E+00
D 0 0 0  0.0000E+00  8.3080E-02  1.0575E-02  0.0000E+00  0.0000E+00  0.0000E+00   0.0000E+00
D 1 0 0 -1.2517E-02  2.5225E-01  1.5868E-02  6.6514E-02  0.0000E+00  0.0000E+00   0.0000E+00
D 2 0 0 -9.9935E-01  7.4116E-01 -1.0343E+00  0.0000E+00  0.0000E+00  0.0000E+00   0.0000E+00
D 0 0 2 -2.2983E-01  1.6697E-01 -4.5501E-02  0.0000E+00  0.0000E+00  0.0000E+00   0.0000E+00
D 0 2 0  4.9224E-01  1.0011E-01  5.4511E-01  0.0000E+00  0.0000E+00  0.0000E+00   0.0000E+00
D 0 1 1  3.5917E-01  4.7831E-01 -2.5340E-01  0.0000E+00  0.0000E+00  0.0000E+00   0.0000E+00
D 3 0 0 -2.1166E+00  6.0259E-01  0.0000E+00  0.0000E+00  0.0000E+00  0.0000E+00   0.0000E+00
D 1 2 0 -1.2479E+01  4.5414E+00  0.0000E+00  0.0000E+00  0.0000E+00  0.0000E+00   0.0000E+00
D 1 0 2 -3.7239E+01  3.6631E+01  0.0000E+00  0.0000E+00  0.0000E+00  0.0000E+00   0.0000E+00
D 1 1 1  1.0029E+01 -6.1149E+00  0.0000E+00  0.0000E+00  0.0000E+00  0.0000E+00   0.0000E+00
T 1 0 0 -2.3556E+00  5.4858E-01 -3.7888E-02 -6.9122E-02  0.0000E+00  0.0000E+00   0.0000E+00
T 2 0 0 -4.1489E+00  1.0296E+00  1.4820E+00  0.0000E+00  0.0000E+00  0.0000E+00   0.0000E+00
T 0 0 2  6.0593E-01  9.1304E-01 -7.1288E-01  0.0000E+00  0.0000E+00  0.0000E+00   0.0000E+00
T 0 2 0  6.6193E-01 -2.4115E+00 -3.7370E+00  0.0000E+00  0.0000E+00  0.0000E+00   0.0000E+00
T 1 2 0 -1.8215E+01 -1.2941E+02  0.0000E+00  0.0000E+00  0.0000E+00  0.0000E+00   0.0000E+00
T 3 0 0  2.0599E+02 -9.9349E+01  0.0000E+00  0.0000E+00  0.0000E+00  0.0000E+00   0.0000E+00
T 2 0 2 -1.1155E+03  0.0000E+00  0.0000E+00  0.0000E+00  0.0000E+00  0.0000E+00   0.0000E+00
T 4 0 0 -1.1532E+03  0.0000E+00  0.0000E+00  0.0000E+00  0.0000E+00  0.0000E+00   0.0000E+00
P 0 0 1 -6.2168E-01 -2.0900E-01  1.9398E-01  9.7838E-02  0.0000E+00  0.0000E+00   0.0000E+00
P 1 0 0 -1.7391E-02 -7.6829E-03  5.7231E-02  1.4127E-01  0.0000E+00  0.0000E+00   0.0000E+00
P 0 1 0 -3.7290E-01  3.6370E-01 -4.1948E-02 -1.3767E-01  0.0000E+00  0.0000E+00   0.0000E+00
P 0 1 2  1.5275E+01 -6.3106E+01  0.0000E+00  0.0000E+00  0.0000E+00  0.0000E+00   0.0000E+00
P 1 1 0  3.0578E+00 -7.5680E-01  2.0969E+00  0.0000E+00  0.0000E+00  0.0000E+00   0.0000E+00
P 1 0 1  5.4162E+00  9.8245E-01 -3.1165E+00  0.0000E+00  0.0000E+00  0.0000E+00   0.0000E+00
P 0 0 3  9.3545E+00  9.5047E+00  0.0000E+00  0.0000E+00  0.0000E+00  0.0000E+00   0.0000E+00
P 2 0 1 -1.5015E+01 -3.3053E+01  0.0000E+00  0.0000E+00  0.0000E+00  0.0000E+00   0.0000E+00
P 2 1 0 -7.5667E+01 -3.4645E+01  0.0000E+00  0.0000E+00  0.0000E+00  0.0000E+00   0.0000E+00
P 0 2 1  7.7080E+00  1.1296E+02  0.0000E+00  0.0000E+00  0.0000E+00  0.0000E+00   0.0000E+00
P 0 3 0 -6.8854E+00 -4.2125E+01  0.0000E+00  0.0000E+00  0.0000E+00  0.0000E+00   0.0000E+00
P 1 0 3 -6.6500E+02  0.0000E+00  0.0000E+00  0.0000E+00  0.0000E+00  0.0000E+00   0.0000E+00
P 1 3 0  3.4601E+02  0.0000E+00  0.0000E+00  0.0000E+00  0.0000E+00  0.0000E+00   0.0000E+00
P 3 0 1 -6.7917E+02  0.0000E+00  0.0000E+00  0.0000E+00  0.0000E+00  0.0000E+00   0.0000E+00
P 3 1 0 -1.7839E+03  0.0000E+00  0.0000E+00  0.0000E+00  0.0000E+00  0.0000E+00   0.0000E+00
P 1 1 2  2.5825E+03  0.0000E+00  0.0000E+00  0.0000E+00  0.0000E+00  0.0000E+00   0.0000E+00
P 1 2 1 -3.1448E+03  0.0000E+00  0.0000E+00  0.0000E+00  0.0000E+00  0.0000E+00   0.0000E+00
Y 0 0 0  0.0000E+00  0.0000E+00  0.0000E+00  0.0000E+00  0.0000E+00  0.0000E+00   0.0000E+00
Y 0 0 1  7.9977E-01 -1.0727E+00 -5.8874E-01 -2.2502E-02  0.0000E+00  0.0000E+00   0.0000E+00
Y 0 1 0 -1.1477E+00 -7.8975E-01  1.4035E-01  1.4849E-01  0.0000E+00  0.0000E+00   0.0000E+00
Y 1 0 0  5.7867E-02  9.3860E-05 -9.6681E-02 -2.1084E-01  0.0000E+00  0.0000E+00   0.0000E+00
Y 1 0 1 -2.0610E+00 -7.5034E+00  9.8813E-02  0.0000E+00  0.0000E+00  0.0000E+00   0.0000E+00
Y 1 1 0 -1.4834E+01  8.0674E-01 -1.8811E-01  0.0000E+00  0.0000E+00  0.0000E+00   0.0000E+00
Y 1 1 2  6.4228E+02  0.0000E+00  0.0000E+00  0.0000E+00  0.0000E+00  0.0000E+00   0.0000E+00
Y 1 2 1  7.6388E+02  0.0000E+00  0.0000E+00  0.0000E+00  0.0000E+00  0.0000E+00   0.0000E+00
Y 1 0 3 -4.9494E+02  0.0000E+00  0.0000E+00  0.0000E+00  0.0000E+00  0.0000E+00   0.0000E+00
Y 1 3 0  9.3819E+02  0.0000E+00  0.0000E+00  0.0000E+00  0.0000E+00  0.0000E+00   0.0000E+00
Y 0 0 3  1.4051E+01  3.9956E+01  0.0000E+00  0.0000E+00  0.0000E+00  0.0000E+00   0.0000E+00
Y 2 1 0  3.0448E+02 -6.9362E+01  0.0000E+00  0.0000E+00  0.0000E+00  0.0000E+00   0.0000E+00
Y 0 3 0  5.3537E+01  4.8336E+01  0.0000E+00  0.0000E+00  0.0000E+00  0.0000E+00   0.0000E+00
Y 2 0 1  3.7051E+02  1.4276E+02  0.0000E+00  0.0000E+00  0.0000E+00  0.0000E+00   0.0000E+00
Y 3 0 1  3.3231E+03  0.0000E+00  0.0000E+00  0.0000E+00  0.0000E+00  0.0000E+00   0.0000E+00
Y 3 1 0  5.5612E+03  0.0000E+00  0.0000E+00  0.0000E+00  0.0000E+00  0.0000E+00   0.0000E+00
