############ LEFT VDC #########################
No of Crate, Slot, First, Last chans
[ L.vdc.u1 ]
3       6       0      95                  U1: u1cr1, u1sl1, u1cf1, u1cl1
3       7       0      95                  ~~~ u1cr2, u1sl2, u1cf2, u1cl2
3       8       0      95                      u1cr3, u1sl3, u1cf3, u1cl3
3       9       0      79                      u1cr4, u1sl4, u1cf4, u1cl4
0.0  0.77852 -.0042426 -45.0                   z, wbeg, wspac, wangle (m)
49.28e3                                        Drift velocity (m/s)
TDC Offset Values
   1 1771.3    2 1771.3    3 1771.3    4 1771.3    5 1771.3    6 1771.3    7 1771.3    8 1771.3
   9 1771.3   10 1771.3   11 1771.3   12 1771.3   13 1771.3   14 1771.3   15 1771.3   16 1771.3
  17 1771.3   18 1771.3   19 1771.3   20 1771.3   21 1771.3   22 1771.3   23 1771.3   24 1771.3
  25 1771.3   26 1771.3   27 1771.3   28 1771.3   29 1771.3   30 1771.3   31 1771.3   32 1771.3
  33 1771.3   34 1771.3   35 1771.3   36 1771.3   37 1771.3   38 1771.3   39 1771.3   40 1771.3
  41 1771.3   42 1771.3   43 1771.3   44 1771.3   45 1771.3   46 1771.3   47 1771.3   48 1771.3
  49 1775.2   50 1775.2   51 1775.2   52 1775.2   53 1775.2   54 1775.2   55 1775.2   56 1775.2
  57 1775.2   58 1775.2   59 1775.2   60 1775.2   61 1775.2   62 1775.2   63 1775.2   64 1775.2
  65 1767.4   66 1767.4   67 1767.4   68 1767.4   69 1767.4   70 1767.4   71 1767.4   72 1767.4
  73 1767.4   74 1767.4   75 1767.4   76 1767.4   77 1767.4   78 1767.4   79 1767.4   80 1767.4
  81 1767.8   82 1767.8   83 1767.8   84 1767.8   85 1767.8   86 1767.8   87 1767.8   88 1767.8
  89 1767.8   90 1767.8   91 1767.8   92 1767.8   93 1767.8   94 1767.8   95 1767.8   96 1767.8
  97 1772.3   98 1772.3   99 1772.3  100 1772.3  101 1772.3  102 1772.3  103 1772.3  104 1772.3
 105 1772.3  106 1772.3  107 1772.3  108 1772.3  109 1772.3  110 1772.3  111 1772.3  112 1772.3
 113 1768.2  114 1768.2  115 1768.2  116 1768.2  117 1768.2  118 1768.2  119 1768.2  120 1768.2
 121 1768.2  122 1768.2  123 1768.2  124 1768.2  125 1768.2  126 1768.2  127 1768.2  128 1768.2
 129 1767.9  130 1767.9  131 1767.9  132 1767.9  133 1767.9  134 1767.9  135 1767.9  136 1767.9
 137 1767.9  138 1767.9  139 1767.9  140 1767.9  141 1767.9  142 1767.9  143 1767.9  144 1767.9
 145 1768.7  146 1768.7  147 1768.7  148 1768.7  149 1768.7  150 1768.7  151 1768.7  152 1768.7
 153 1768.7  154 1768.7  155 1768.7  156 1768.7  157 1768.7  158 1768.7  159 1768.7  160 1768.7
 161 1768.0  162 1768.0  163 1768.0  164 1768.0  165 1768.0  166 1768.0  167 1768.0  168 1768.0
 169 1768.0  170 1768.0  171 1768.0  172 1768.0  173 1768.0  174 1768.0  175 1768.0  176 1768.0
 177 1764.2  178 1764.2  179 1764.2  180 1764.2  181 1764.2  182 1764.2  183 1764.2  184 1764.2
 185 1764.2  186 1764.2  187 1764.2  188 1764.2  189 1764.2  190 1764.2  191 1764.2  192 1764.2
 193 1775.2  194 1775.2  195 1775.2  196 1775.2  197 1775.2  198 1775.2  199 1775.2  200 1775.2
 201 1775.2  202 1775.2  203 1775.2  204 1775.2  205 1775.2  206 1775.2  207 1775.2  208 1775.2
 209 1771.2  210 1771.2  211 1771.2  212 1771.2  213 1771.2  214 1771.2  215 1771.2  216 1771.2
 217 1771.2  218 1771.2  219 1771.2  220 1771.2  221 1771.2  222 1771.2  223 1771.2  224 1771.2
 225 1775.2  226 1775.2  227 1775.2  228 1775.2  229 1775.2  230 1775.2  231 1775.2  232 1775.2
 233 1775.2  234 1775.2  235 1775.2  236 1775.2  237 1775.2  238 1775.2  239 1775.2  240 1775.2
 241 1768.0  242 1768.0  243 1768.0  244 1768.0  245 1768.0  246 1768.0  247 1768.0  248 1768.0
 249 1768.0  250 1768.0  251 1768.0  252 1768.0  253 1768.0  254 1768.0  255 1768.0  256 1768.0
 257 1772.4  258 1772.4  259 1772.4  260 1772.4  261 1772.4  262 1772.4  263 1772.4  264 1772.4
 265 1772.4  266 1772.4  267 1772.4  268 1772.4  269 1772.4  270 1772.4  271 1772.4  272 1772.4
 273 1773.2  274 1773.2  275 1773.2  276 1773.2  277 1773.2  278 1773.2  279 1773.2  280 1773.2
 281 1773.2  282 1773.2  283 1773.2  284 1773.2  285 1773.2  286 1773.2  287 1773.2  288 1773.2
 289 1772.8  290 1772.8  291 1772.8  292 1772.8  293 1772.8  294 1772.8  295 1772.8  296 1772.8
 297 1772.8  298 1772.8  299 1772.8  300 1772.8  301 1772.8  302 1772.8  303 1772.8  304 1772.8
 305 1769.1  306 1769.1  307 1769.1  308 1769.1  309 1769.1  310 1769.1  311 1769.1  312 1769.1
 313 1769.1  314 1769.1  315 1769.1  316 1769.1  317 1769.1  318 1769.1  319 1769.1  320 1769.1
 321 1769.1  322 1769.1  323 1769.1  324 1769.1  325 1769.1  326 1769.1  327 1769.1  328 1769.1
 329 1769.1  330 1769.1  331 1769.1  332 1769.1  333 1769.1  334 1769.1  335 1769.1  336 1769.1
 337 1769.1  338 1769.1  339 1769.1  340 1769.1  341 1769.1  342 1769.1  343 1769.1  344 1769.1
 345 1769.1  346 1769.1  347 1769.1  348 1769.1  349 1769.1  350 1769.1  351 1769.1  352 1769.1
 353 1769.1  354 1769.1  355 1769.1  356 1769.1  357 1769.1  358 1769.1  359 1769.1  360 1769.1
 361 1769.1  362 1769.1  363 1769.1  364 1769.1  365 1769.1  366 1769.1  367 1769.1  368 1769.1
TTD Lookup Table
-2.350e-08
745
 0.0047  0.0104  0.0171  0.0247  0.0333  0.0430  0.0534  0.0647  0.0771  0.0895
 0.1035  0.1177  0.1336  0.1503  0.1692  0.1895  0.2120  0.2356  0.2628  0.2919
 0.3238  0.3571  0.3934  0.4305  0.4692  0.5094  0.5550  0.5981  0.6427  0.6859
 0.7318  0.7763  0.8221  0.8665  0.9132  0.9580  1.0034  1.0467  1.0922  1.1360
 1.1822  1.2263  1.2721  1.3167  1.3620  1.4060  1.4513  1.4957  1.5404  1.5840
 1.6299  1.6728  1.7178  1.7617  1.8074  1.8515  1.8962  1.9399  1.9847  2.0286
 2.0736  2.1172  2.1622  2.2051  2.2496  2.2923  2.3369  2.3796  2.4231  2.4645
 2.5080  2.5497  2.5920  2.6332  2.6748  2.7150  2.7553  2.7945  2.8341  2.8721
 2.9112  2.9483  2.9862  3.0229  3.0594  3.0942  3.1294  3.1632  3.1974  3.2302
 3.2636  3.2952  3.3265  3.3567  3.3878  3.4181  3.4471  3.4752  3.5038  3.5303
 3.5575  3.5838  3.6105  3.6367  3.6628  3.6884  3.7178  3.7444  3.7717  3.7981
 3.8258  3.8531  3.8813  3.9084  3.9363  3.9632  3.9906  4.0172  4.0447  4.0714
 4.0989  4.1254  4.1528  4.1792  4.2057  4.2313  4.2587  4.2848  4.3114  4.3364
 4.3637  4.3893  4.4153  4.4407  4.4669  4.4915  4.5173  4.5421  4.5679  4.5927
 4.6183  4.6431  4.6685  4.6930  4.7178  4.7419  4.7674  4.7917  4.8168  4.8405
 4.8652  4.8889  4.9133  4.9369  4.9620  4.9862  5.0110  5.0349  5.0593  5.0828
 5.1073  5.1311  5.1554  5.1792  5.2032  5.2266  5.2509  5.2741  5.2980  5.3212
 5.3455  5.3692  5.3935  5.4170  5.4413  5.4651  5.4896  5.5123  5.5367  5.5599
 5.5836  5.6062  5.6299  5.6532  5.6772  5.7001  5.7267  5.7504  5.7738  5.7967
 5.8200  5.8429  5.8661  5.8898  5.9139  5.9368  5.9607  5.9837  6.0070  6.0301
 6.0533  6.0761  6.0989  6.1216  6.1447  6.1670  6.1897  6.2125  6.2352  6.2574
 6.2797  6.3022  6.3251  6.3470  6.3693  6.3911  6.4131  6.4353  6.4580  6.4798
 6.5020  6.5239  6.5460  6.5680  6.5905  6.6128  6.6350  6.6580  6.6810  6.7033
 6.7266  6.7492  6.7721  6.7949  6.8189  6.8426  6.8661  6.8897  6.9135  6.9374
 6.9607  6.9840  7.0076  7.0313  7.0549  7.0785  7.1031  7.1266  7.1509  7.1735
 7.1972  7.2204  7.2445  7.2679  7.2915  7.3148  7.3383  7.3616  7.3858  7.4092
 7.4329  7.4568  7.4801  7.5035  7.5271  7.5505  7.5766  7.5996  7.6222  7.6453
 7.6682  7.6916  7.7146  7.7374  7.7609  7.7843  7.8076  7.8307  7.8543  7.8774
 7.9004  7.9231  7.9469  7.9698  7.9931  8.0164  8.0394  8.0622  8.0849  8.1079
 8.1310  8.1539  8.1770  8.2002  8.2231  8.2466  8.2694  8.2929  8.3160  8.3393
 8.3621  8.3851  8.4079  8.4311  8.4534  8.4767  8.5001  8.5234  8.5462  8.5685
 8.5912  8.6141  8.6371  8.6597  8.6823  8.7047  8.7280  8.7508  8.7731  8.7955
 8.8183  8.8412  8.8642  8.8875  8.9103  8.9331  8.9560  8.9788  9.0017  9.0247
 9.0474  9.0705  9.0937  9.1161  9.1386  9.1607  9.1836  9.2058  9.2280  9.2506
 9.2729  9.2951  9.3177  9.3404  9.3629  9.3854  9.4099  9.4324  9.4547  9.4777
 9.5000  9.5226  9.5445  9.5671  9.5892  9.6117  9.6334  9.6554  9.6774  9.6995
 9.7220  9.7446  9.7666  9.7888  9.8105  9.8332  9.8564  9.8794  9.9017  9.9246
 9.9464  9.9693  9.9917 10.0145 10.0373 10.0598 10.0820 10.1048 10.1274 10.1504
10.1730 10.1960 10.2187 10.2418 10.2639 10.2868 10.3099 10.3334 10.3562 10.3790
10.4018 10.4246 10.4472 10.4705 10.4935 10.5171 10.5392 10.5618 10.5845 10.6078
10.6300 10.6531 10.6755 10.6987 10.7214 10.7439 10.7662 10.7886 10.8107 10.8335
10.8557 10.8787 10.9008 10.9234 10.9457 10.9690 10.9913 11.0141 11.0365 11.0592
11.0813 11.1045 11.1271 11.1500 11.1721 11.1950 11.2191 11.2423 11.2645 11.2873
11.3093 11.3322 11.3544 11.3773 11.3994 11.4229 11.4445 11.4676 11.4897 11.5123
11.5344 11.5574 11.5793 11.6020 11.6240 11.6468 11.6681 11.6905 11.7124 11.7354
11.7576 11.7806 11.8025 11.8252 11.8471 11.8702 11.8925 11.9151 11.9370 11.9597
11.9822 12.0044 12.0264 12.0490 12.0709 12.0934 12.1152 12.1381 12.1601 12.1828
12.2044 12.2271 12.2491 12.2712 12.2934 12.3162 12.3380 12.3604 12.3822 12.4050
12.4271 12.4493 12.4711 12.4938 12.5157 12.5379 12.5598 12.5821 12.6037 12.6260
12.6479 12.6709 12.6922 12.7152 12.7370 12.7591 12.7807 12.8028 12.8254 12.8479
12.8698 12.8916 12.9136 12.9368 12.9589 12.9813 13.0075 13.0303 13.0521 13.0748
13.0964 13.1193 13.1401 13.1630 13.1846 13.2074 13.2288 13.2518 13.2734 13.2960
13.3181 13.3407 13.3626 13.3853 13.4071 13.4295 13.4514 13.4740 13.4955 13.5181
13.5395 13.5624 13.5843 13.6068 13.6287 13.6510 13.6726 13.6956 13.7171 13.7400
13.7615 13.7843 13.8060 13.8287 13.8507 13.8734 13.8952 13.9180 13.9398 13.9622
13.9839 14.0067 14.0276 14.0500 14.0716 14.0936 14.1149 14.1375 14.1586 14.1807
14.2020 14.2239 14.2448 14.2668 14.2876 14.3093 14.3298 14.3521 14.3724 14.3937
14.4140 14.4347 14.4543 14.4748 14.4938 14.5132 14.5318 14.5520 14.5702 14.5893
14.6069 14.6259 14.6435 14.6613 14.6777 14.6952 14.7126 14.7290 14.7442 14.7600
14.7747 14.7896 14.8033 14.8178 14.8307 14.8447 14.8574 14.8702 14.8825 14.8943
14.9054 14.9164 14.9269 14.9376 14.9474 14.9569 14.9660 14.9748 14.9827 14.9908
14.9980 15.0056 15.0122 15.0189 15.0248 15.0312 15.0368 15.0422 15.0473 15.0523
15.0568 15.0610 15.0650 15.0689 15.0724 15.0761 15.0792 15.0822 15.0849 15.0875
15.0898 15.0922 15.0942 15.0962 15.0980 15.0997 15.1012 15.1026 15.1037 15.1049
15.1059 15.1070 15.1078 15.1086 15.1094 15.1101 15.1107 15.1114 15.1118 15.1124
15.1129 15.1132 15.1135 15.1138 15.1141 15.1144 15.1146 15.1149 15.1151 15.1153
15.1155 15.1156 15.1158 15.1160 15.1161 15.1162 15.1163 15.1164 15.1165 15.1166
15.1167 15.1168 15.1169 15.1169 15.1170 15.1171 15.1172 15.1172 15.1173 15.1174
15.1174 15.1175 15.1175 15.1176 15.1176 15.1176 15.1177 15.1177 15.1178 15.1178
15.1179 15.1179 15.1180 
[ L.vdc.v1 ]
3      10       0      95                  V1: v1cr1, v1sl1, v1cf1, v1cl1
3      11       0      95                      v1cr2, v1sl2, v1cf2, v1cl2
3      12       0      95                      v1cr3, v1sl3, v1cf3, v1cl3
3      13       0      79                      v1cr4, v1sl4, v1cf4, v1cl4
0.026  0.77852 -.0042426 45.0                  z, wbeg, wspac, wangle (m)
49.13e3                                        Drift velocity (m/s)
TDC Offset Values
   1 1755.6    2 1755.6    3 1755.6    4 1755.6    5 1755.6    6 1755.6    7 1755.6    8 1755.6
   9 1755.6   10 1755.6   11 1755.6   12 1755.6   13 1755.6   14 1755.6   15 1755.6   16 1755.6
  17 1755.6   18 1755.6   19 1755.6   20 1755.6   21 1755.6   22 1755.6   23 1755.6   24 1755.6
  25 1755.6   26 1755.6   27 1755.6   28 1755.6   29 1755.6   30 1755.6   31 1755.6   32 1755.6
  33 1755.6   34 1755.6   35 1755.6   36 1755.6   37 1755.6   38 1755.6   39 1755.6   40 1755.6
  41 1755.6   42 1755.6   43 1755.6   44 1755.6   45 1755.6   46 1755.6   47 1755.6   48 1755.6
  49 1769.0   50 1769.0   51 1769.0   52 1769.0   53 1769.0   54 1769.0   55 1769.0   56 1769.0
  57 1769.0   58 1769.0   59 1769.0   60 1769.0   61 1769.0   62 1769.0   63 1769.0   64 1769.0
  65 1768.8   66 1768.8   67 1768.8   68 1768.8   69 1768.8   70 1768.8   71 1768.8   72 1768.8
  73 1768.8   74 1768.8   75 1768.8   76 1768.8   77 1768.8   78 1768.8   79 1768.8   80 1768.8
  81 1765.6   82 1765.6   83 1765.6   84 1765.6   85 1765.6   86 1765.6   87 1765.6   88 1765.6
  89 1765.6   90 1765.6   91 1765.6   92 1765.6   93 1765.6   94 1765.6   95 1765.6   96 1765.6
  97 1776.2   98 1776.2   99 1776.2  100 1776.2  101 1776.2  102 1776.2  103 1776.2  104 1776.2
 105 1776.2  106 1776.2  107 1776.2  108 1776.2  109 1776.2  110 1776.2  111 1776.2  112 1776.2
 113 1773.4  114 1773.4  115 1773.4  116 1773.4  117 1773.4  118 1773.4  119 1773.4  120 1773.4
 121 1773.4  122 1773.4  123 1773.4  124 1773.4  125 1773.4  126 1773.4  127 1773.4  128 1773.4
 129 1773.7  130 1773.7  131 1773.7  132 1773.7  133 1773.7  134 1773.7  135 1773.7  136 1773.7
 137 1773.7  138 1773.7  139 1773.7  140 1773.7  141 1773.7  142 1773.7  143 1773.7  144 1773.7
 145 1772.2  146 1772.2  147 1772.2  148 1772.2  149 1772.2  150 1772.2  151 1772.2  152 1772.2
 153 1772.2  154 1772.2  155 1772.2  156 1772.2  157 1772.2  158 1772.2  159 1772.2  160 1772.2
 161 1772.7  162 1772.7  163 1772.7  164 1772.7  165 1772.7  166 1772.7  167 1772.7  168 1772.7
 169 1772.7  170 1772.7  171 1772.7  172 1772.7  173 1772.7  174 1772.7  175 1772.7  176 1772.7
 177 1769.2  178 1769.2  179 1769.2  180 1769.2  181 1769.2  182 1769.2  183 1769.2  184 1769.2
 185 1769.2  186 1769.2  187 1769.2  188 1769.2  189 1769.2  190 1769.2  191 1769.2  192 1769.2
 193 1772.8  194 1772.8  195 1772.8  196 1772.8  197 1772.8  198 1772.8  199 1772.8  200 1772.8
 201 1772.8  202 1772.8  203 1772.8  204 1772.8  205 1772.8  206 1772.8  207 1772.8  208 1772.8
 209 1776.9  210 1776.9  211 1776.9  212 1776.9  213 1776.9  214 1776.9  215 1776.9  216 1776.9
 217 1776.9  218 1776.9  219 1776.9  220 1776.9  221 1776.9  222 1776.9  223 1776.9  224 1776.9
 225 1773.6  226 1773.6  227 1773.6  228 1773.6  229 1773.6  230 1773.6  231 1773.6  232 1773.6
 233 1773.6  234 1773.6  235 1773.6  236 1773.6  237 1773.6  238 1773.6  239 1773.6  240 1773.6
 241 1773.4  242 1773.4  243 1773.4  244 1773.4  245 1773.4  246 1773.4  247 1773.4  248 1773.4
 249 1773.4  250 1773.4  251 1773.4  252 1773.4  253 1773.4  254 1773.4  255 1773.4  256 1773.4
 257 1773.6  258 1773.6  259 1773.6  260 1773.6  261 1773.6  262 1773.6  263 1773.6  264 1773.6
 265 1773.6  266 1773.6  267 1773.6  268 1773.6  269 1773.6  270 1773.6  271 1773.6  272 1773.6
 273 1773.5  274 1773.5  275 1773.5  276 1773.5  277 1773.5  278 1773.5  279 1773.5  280 1773.5
 281 1773.5  282 1773.5  283 1773.5  284 1773.5  285 1773.5  286 1773.5  287 1773.5  288 1773.5
 289 1778.1  290 1778.1  291 1778.1  292 1778.1  293 1778.1  294 1778.1  295 1778.1  296 1778.1
 297 1778.1  298 1778.1  299 1778.1  300 1778.1  301 1778.1  302 1778.1  303 1778.1  304 1778.1
 305 1781.0  306 1781.0  307 1781.0  308 1781.0  309 1781.0  310 1781.0  311 1781.0  312 1781.0
 313 1781.0  314 1781.0  315 1781.0  316 1781.0  317 1781.0  318 1781.0  319 1781.0  320 1781.0
 321 1781.0  322 1781.0  323 1781.0  324 1781.0  325 1781.0  326 1781.0  327 1781.0  328 1781.0
 329 1781.0  330 1781.0  331 1781.0  332 1781.0  333 1781.0  334 1781.0  335 1781.0  336 1781.0
 337 1781.0  338 1781.0  339 1781.0  340 1781.0  341 1781.0  342 1781.0  343 1781.0  344 1781.0
 345 1781.0  346 1781.0  347 1781.0  348 1781.0  349 1781.0  350 1781.0  351 1781.0  352 1781.0
 353 1781.0  354 1781.0  355 1781.0  356 1781.0  357 1781.0  358 1781.0  359 1781.0  360 1781.0
 361 1781.0  362 1781.0  363 1781.0  364 1781.0  365 1781.0  366 1781.0  367 1781.0  368 1781.0
TTD Lookup Table
-2.250e-08
743
 0.0053  0.0112  0.0178  0.0249  0.0331  0.0419  0.0516  0.0622  0.0729  0.0849
 0.0975  0.1103  0.1240  0.1393  0.1558  0.1741  0.1941  0.2164  0.2401  0.2667
 0.2950  0.3263  0.3589  0.3933  0.4354  0.4737  0.5131  0.5538  0.5952  0.6378
 0.6799  0.7225  0.7662  0.8097  0.8530  0.8969  0.9412  0.9849  1.0288  1.0729
 1.1171  1.1624  1.2064  1.2514  1.2958  1.3410  1.3862  1.4309  1.4762  1.5216
 1.5664  1.6105  1.6551  1.7003  1.7447  1.7898  1.8353  1.8807  1.9256  1.9700
 2.0150  2.0601  2.1035  2.1474  2.1912  2.2351  2.2780  2.3205  2.3643  2.4085
 2.4497  2.4909  2.5329  2.5750  2.6161  2.6573  2.6972  2.7370  2.7753  2.8138
 2.8517  2.8893  2.9271  2.9632  2.9993  3.0355  3.0697  3.1034  3.1367  3.1697
 3.2021  3.2338  3.2644  3.2948  3.3238  3.3529  3.3811  3.4089  3.4358  3.4629
 3.4894  3.5159  3.5421  3.5685  3.5967  3.6230  3.6503  3.6765  3.7034  3.7304
 3.7574  3.7849  3.8123  3.8401  3.8677  3.8944  3.9214  3.9483  3.9746  4.0007
 4.0272  4.0545  4.0803  4.1057  4.1318  4.1583  4.1839  4.2099  4.2357  4.2615
 4.2870  4.3121  4.3378  4.3631  4.3875  4.4122  4.4373  4.4626  4.4877  4.5126
 4.5374  4.5629  4.5876  4.6124  4.6370  4.6615  4.6861  4.7103  4.7353  4.7595
 4.7837  4.8082  4.8324  4.8566  4.8801  4.9035  4.9274  4.9514  4.9754  4.9994
 5.0234  5.0471  5.0712  5.0952  5.1189  5.1427  5.1664  5.1900  5.2134  5.2376
 5.2609  5.2845  5.3088  5.3331  5.3566  5.3806  5.4046  5.4288  5.4521  5.4750
 5.4991  5.5229  5.5462  5.5699  5.5972  5.6205  5.6436  5.6669  5.6906  5.7139
 5.7374  5.7603  5.7845  5.8077  5.8311  5.8536  5.8770  5.8992  5.9221  5.9443
 5.9676  5.9905  6.0137  6.0356  6.0587  6.0813  6.1041  6.1258  6.1481  6.1702
 6.1926  6.2147  6.2372  6.2592  6.2816  6.3039  6.3264  6.3487  6.3716  6.3931
 6.4158  6.4378  6.4607  6.4826  6.5054  6.5283  6.5514  6.5737  6.5972  6.6201
 6.6437  6.6664  6.6903  6.7134  6.7370  6.7602  6.7849  6.8080  6.8317  6.8547
 6.8788  6.9027  6.9270  6.9507  6.9744  6.9977  7.0217  7.0450  7.0689  7.0925
 7.1162  7.1390  7.1633  7.1862  7.2097  7.2331  7.2568  7.2798  7.3037  7.3274
 7.3515  7.3749  7.3988  7.4217  7.4479  7.4711  7.4943  7.5177  7.5416  7.5652
 7.5889  7.6122  7.6356  7.6586  7.6820  7.7052  7.7290  7.7519  7.7750  7.7981
 7.8213  7.8446  7.8672  7.8905  7.9140  7.9371  7.9605  7.9831  8.0065  8.0294
 8.0529  8.0760  8.1000  8.1223  8.1452  8.1681  8.1913  8.2139  8.2370  8.2607
 8.2841  8.3071  8.3298  8.3520  8.3757  8.3978  8.4209  8.4432  8.4667  8.4887
 8.5113  8.5342  8.5571  8.5804  8.6033  8.6259  8.6492  8.6720  8.6955  8.7182
 8.7411  8.7640  8.7869  8.8089  8.8320  8.8557  8.8782  8.9007  8.9237  8.9467
 8.9698  8.9918  9.0149  9.0375  9.0603  9.0826  9.1050  9.1279  9.1506  9.1724
 9.1953  9.2174  9.2403  9.2625  9.2879  9.3105  9.3335  9.3559  9.3789  9.4012
 9.4235  9.4456  9.4686  9.4906  9.5133  9.5350  9.5576  9.5801  9.6026  9.6252
 9.6475  9.6703  9.6929  9.7152  9.7380  9.7606  9.7829  9.8055  9.8287  9.8520
 9.8747  9.8970  9.9199  9.9427  9.9660  9.9881 10.0112 10.0344 10.0570 10.0793
10.1022 10.1241 10.1472 10.1691 10.1921 10.2146 10.2374 10.2605 10.2834 10.3059
10.3288 10.3511 10.3744 10.3971 10.4200 10.4425 10.4658 10.4889 10.5117 10.5340
10.5571 10.5799 10.6027 10.6252 10.6487 10.6715 10.6938 10.7164 10.7394 10.7628
10.7861 10.8081 10.8309 10.8535 10.8763 10.8986 10.9220 10.9445 10.9674 10.9899
11.0127 11.0354 11.0582 11.0803 11.1037 11.1266 11.1489 11.1711 11.1942 11.2164
11.2391 11.2614 11.2847 11.3072 11.3298 11.3520 11.3752 11.3973 11.4202 11.4425
11.4655 11.4876 11.5100 11.5318 11.5547 11.5771 11.5999 11.6218 11.6444 11.6664
11.6887 11.7104 11.7332 11.7554 11.7782 11.8002 11.8226 11.8451 11.8679 11.8896
11.9125 11.9347 11.9573 11.9794 12.0022 12.0249 12.0476 12.0696 12.0918 12.1145
12.1368 12.1584 12.1812 12.2034 12.2259 12.2477 12.2706 12.2927 12.3154 12.3375
12.3598 12.3817 12.4039 12.4264 12.4493 12.4714 12.4948 12.5165 12.5390 12.5613
12.5840 12.6057 12.6281 12.6504 12.6729 12.6950 12.7177 12.7397 12.7623 12.7843
12.8066 12.8290 12.8518 12.8739 12.8999 12.9218 12.9447 12.9668 12.9894 13.0112
13.0336 13.0556 13.0785 13.1004 13.1232 13.1450 13.1681 13.1900 13.2127 13.2343
13.2573 13.2794 13.3021 13.3242 13.3471 13.3692 13.3925 13.4148 13.4373 13.4592
13.4816 13.5037 13.5267 13.5487 13.5717 13.5938 13.6168 13.6388 13.6612 13.6832
13.7063 13.7289 13.7514 13.7736 13.7962 13.8189 13.8418 13.8635 13.8859 13.9076
13.9300 13.9517 13.9744 13.9961 14.0186 14.0405 14.0637 14.0852 14.1081 14.1302
14.1527 14.1746 14.1962 14.2177 14.2399 14.2614 14.2833 14.3047 14.3264 14.3477
14.3690 14.3897 14.4107 14.4311 14.4517 14.4716 14.4922 14.5118 14.5316 14.5508
14.5703 14.5891 14.6081 14.6261 14.6460 14.6636 14.6814 14.6985 14.7156 14.7321
14.7487 14.7644 14.7807 14.7954 14.8104 14.8246 14.8386 14.8519 14.8651 14.8777
14.8901 14.9016 14.9132 14.9239 14.9346 14.9447 14.9544 14.9635 14.9727 14.9812
14.9898 14.9978 15.0055 15.0127 15.0195 15.0261 15.0325 15.0385 15.0440 15.0493
15.0547 15.0591 15.0633 15.0674 15.0711 15.0747 15.0780 15.0813 15.0840 15.0865
15.0892 15.0915 15.0938 15.0956 15.0976 15.0994 15.1009 15.1024 15.1037 15.1049
15.1060 15.1070 15.1080 15.1088 15.1097 15.1104 15.1111 15.1115 15.1121 15.1125
15.1130 15.1134 15.1137 15.1141 15.1144 15.1146 15.1149 15.1151 15.1152 15.1155
15.1156 15.1158 15.1159 15.1160 15.1162 15.1163 15.1164 15.1165 15.1166 15.1166
15.1167 15.1168 15.1168 15.1169 15.1169 15.1170 15.1170 15.1171 15.1171 15.1172
15.1173 15.1173 15.1173 15.1174 15.1174 15.1175 15.1175 15.1175 15.1176
[ L.vdc.u2 ]
3      14       0      95                  U2: u2cr1, u2sl1, u2cf1, u2cl1
3      15       0      95                  ~~~ u2cr2, u2sl2, u2cf2, u2cl2
3      16       0      95                      u2cr3, u2sl3, u2cf3, u2cl3
3      17       0      79                      u2cr4, u2sl4, u2cf4, u2cl4
0.3348 1.02718 -.0042426 -45.0                 z, wbeg, wspac, wangle (m)
49.73e3                                        Drift velocity (m/s)
TDC Offset Values
   1 1771.2    2 1771.2    3 1771.2    4 1771.2    5 1771.2    6 1771.2    7 1771.2    8 1771.2
   9 1771.2   10 1771.2   11 1771.2   12 1771.2   13 1771.2   14 1771.2   15 1771.2   16 1771.2
  17 1771.2   18 1771.2   19 1771.2   20 1771.2   21 1771.2   22 1771.2   23 1771.2   24 1771.2
  25 1771.2   26 1771.2   27 1771.2   28 1771.2   29 1771.2   30 1771.2   31 1771.2   32 1771.2
  33 1771.2   34 1771.2   35 1771.2   36 1771.2   37 1771.2   38 1771.2   39 1771.2   40 1771.2
  41 1771.2   42 1771.2   43 1771.2   44 1771.2   45 1771.2   46 1771.2   47 1771.2   48 1771.2
  49 1771.2   50 1771.2   51 1771.2   52 1771.2   53 1771.2   54 1771.2   55 1771.2   56 1771.2
  57 1771.2   58 1771.2   59 1771.2   60 1771.2   61 1771.2   62 1771.2   63 1771.2   64 1771.2
  65 1772.1   66 1772.1   67 1772.1   68 1772.1   69 1772.1   70 1772.1   71 1772.1   72 1772.1
  73 1772.1   74 1772.1   75 1772.1   76 1772.1   77 1772.1   78 1772.1   79 1772.1   80 1772.1
  81 1771.0   82 1771.0   83 1771.0   84 1771.0   85 1771.0   86 1771.0   87 1771.0   88 1771.0
  89 1771.0   90 1771.0   91 1771.0   92 1771.0   93 1771.0   94 1771.0   95 1771.0   96 1771.0
  97 1772.8   98 1772.8   99 1772.8  100 1772.8  101 1772.8  102 1772.8  103 1772.8  104 1772.8
 105 1772.8  106 1772.8  107 1772.8  108 1772.8  109 1772.8  110 1772.8  111 1772.8  112 1772.8
 113 1775.6  114 1775.6  115 1775.6  116 1775.6  117 1775.6  118 1775.6  119 1775.6  120 1775.6
 121 1775.6  122 1775.6  123 1775.6  124 1775.6  125 1775.6  126 1775.6  127 1775.6  128 1775.6
 129 1776.6  130 1776.6  131 1776.6  132 1776.6  133 1776.6  134 1776.6  135 1776.6  136 1776.6
 137 1776.6  138 1776.6  139 1776.6  140 1776.6  141 1776.6  142 1776.6  143 1776.6  144 1776.6
 145 1772.4  146 1772.4  147 1772.4  148 1772.4  149 1772.4  150 1772.4  151 1772.4  152 1772.4
 153 1772.4  154 1772.4  155 1772.4  156 1772.4  157 1772.4  158 1772.4  159 1772.4  160 1772.4
 161 1776.0  162 1776.0  163 1776.0  164 1776.0  165 1776.0  166 1776.0  167 1776.0  168 1776.0
 169 1776.0  170 1776.0  171 1776.0  172 1776.0  173 1776.0  174 1776.0  175 1776.0  176 1776.0
 177 1775.8  178 1775.8  179 1775.8  180 1775.8  181 1775.8  182 1775.8  183 1775.8  184 1775.8
 185 1775.8  186 1775.8  187 1775.8  188 1775.8  189 1775.8  190 1775.8  191 1775.8  192 1775.8
 193 1777.1  194 1777.1  195 1777.1  196 1777.1  197 1777.1  198 1777.1  199 1777.1  200 1777.1
 201 1777.1  202 1777.1  203 1777.1  204 1777.1  205 1777.1  206 1777.1  207 1777.1  208 1777.1
 209 1779.8  210 1779.8  211 1779.8  212 1779.8  213 1779.8  214 1779.8  215 1779.8  216 1779.8
 217 1779.8  218 1779.8  219 1779.8  220 1779.8  221 1779.8  222 1779.8  223 1779.8  224 1779.8
 225 1779.8  226 1779.8  227 1779.8  228 1779.8  229 1779.8  230 1779.8  231 1779.8  232 1779.8
 233 1779.8  234 1779.8  235 1779.8  236 1779.8  237 1779.8  238 1779.8  239 1779.8  240 1779.8
 241 1773.4  242 1773.4  243 1773.4  244 1773.4  245 1773.4  246 1773.4  247 1773.4  248 1773.4
 249 1773.4  250 1773.4  251 1773.4  252 1773.4  253 1773.4  254 1773.4  255 1773.4  256 1773.4
 257 1776.6  258 1776.6  259 1776.6  260 1776.6  261 1776.6  262 1776.6  263 1776.6  264 1776.6
 265 1776.6  266 1776.6  267 1776.6  268 1776.6  269 1776.6  270 1776.6  271 1776.6  272 1776.6
 273 1773.1  274 1773.1  275 1773.1  276 1773.1  277 1773.1  278 1773.1  279 1773.1  280 1773.1
 281 1773.1  282 1773.1  283 1773.1  284 1773.1  285 1773.1  286 1773.1  287 1773.1  288 1773.1
 289 1783.7  290 1783.7  291 1783.7  292 1783.7  293 1783.7  294 1783.7  295 1783.7  296 1783.7
 297 1783.7  298 1783.7  299 1783.7  300 1783.7  301 1783.7  302 1783.7  303 1783.7  304 1783.7
 305 1779.5  306 1779.5  307 1779.5  308 1779.5  309 1779.5  310 1779.5  311 1779.5  312 1779.5
 313 1779.5  314 1779.5  315 1779.5  316 1779.5  317 1779.5  318 1779.5  319 1779.5  320 1779.5
 321 1783.4  322 1783.4  323 1783.4  324 1783.4  325 1783.4  326 1783.4  327 1783.4  328 1783.4
 329 1783.4  330 1783.4  331 1783.4  332 1783.4  333 1783.4  334 1783.4  335 1783.4  336 1783.4
 337 1783.4  338 1783.4  339 1783.4  340 1783.4  341 1783.4  342 1783.4  343 1783.4  344 1783.4
 345 1783.4  346 1783.4  347 1783.4  348 1783.4  349 1783.4  350 1783.4  351 1783.4  352 1783.4
 353 1783.4  354 1783.4  355 1783.4  356 1783.4  357 1783.4  358 1783.4  359 1783.4  360 1783.4
 361 1783.4  362 1783.4  363 1783.4  364 1783.4  365 1783.4  366 1783.4  367 1783.4  368 1783.4
TTD Lookup Table
-2.300e-08
744
 0.0048  0.0107  0.0175  0.0248  0.0332  0.0427  0.0526  0.0634  0.0747  0.0868
 0.1004  0.1144  0.1301  0.1474  0.1666  0.1887  0.2123  0.2389  0.2677  0.2997
 0.3329  0.3689  0.4063  0.4458  0.4865  0.5311  0.5735  0.6174  0.6610  0.7053
 0.7500  0.7948  0.8393  0.8844  0.9294  0.9738  1.0184  1.0627  1.1075  1.1515
 1.1969  1.2417  1.2856  1.3311  1.3757  1.4208  1.4655  1.5104  1.5548  1.5998
 1.6448  1.6897  1.7343  1.7794  1.8237  1.8675  1.9111  1.9556  1.9992  2.0429
 2.0861  2.1305  2.1734  2.2175  2.2604  2.3044  2.3475  2.3907  2.4336  2.4768
 2.5191  2.5617  2.6031  2.6447  2.6847  2.7253  2.7644  2.8045  2.8434  2.8823
 2.9201  2.9576  2.9949  3.0316  3.0666  3.1020  3.1367  3.1709  3.2039  3.2365
 3.2680  3.2992  3.3300  3.3600  3.3890  3.4178  3.4459  3.4731  3.4999  3.5271
 3.5530  3.5784  3.6049  3.6311  3.6572  3.6874  3.7143  3.7419  3.7689  3.7962
 3.8234  3.8508  3.8785  3.9059  3.9334  3.9599  3.9869  4.0138  4.0410  4.0678
 4.0945  4.1217  4.1483  4.1749  4.2012  4.2270  4.2533  4.2792  4.3051  4.3309
 4.3563  4.3818  4.4070  4.4323  4.4577  4.4831  4.5078  4.5334  4.5582  4.5831
 4.6077  4.6325  4.6574  4.6820  4.7065  4.7309  4.7554  4.7800  4.8043  4.8288
 4.8540  4.8782  4.9028  4.9269  4.9511  4.9751  4.9993  5.0234  5.0478  5.0716
 5.0949  5.1188  5.1426  5.1662  5.1899  5.2137  5.2376  5.2619  5.2856  5.3093
 5.3332  5.3568  5.3801  5.4037  5.4272  5.4507  5.4745  5.4979  5.5217  5.5449
 5.5685  5.5927  5.6164  5.6395  5.6626  5.6886  5.7126  5.7360  5.7594  5.7822
 5.8055  5.8284  5.8511  5.8745  5.8981  5.9214  5.9440  5.9676  5.9910  6.0148
 6.0374  6.0602  6.0833  6.1067  6.1292  6.1523  6.1752  6.1975  6.2199  6.2430
 6.2658  6.2873  6.3090  6.3311  6.3539  6.3754  6.3976  6.4189  6.4412  6.4631
 6.4847  6.5067  6.5289  6.5513  6.5733  6.5955  6.6183  6.6408  6.6633  6.6857
 6.7084  6.7317  6.7547  6.7785  6.8020  6.8256  6.8488  6.8723  6.8964  6.9197
 6.9437  6.9678  6.9917  7.0149  7.0386  7.0625  7.0869  7.1107  7.1344  7.1585
 7.1827  7.2059  7.2293  7.2534  7.2773  7.3009  7.3241  7.3477  7.3711  7.3951
 7.4187  7.4423  7.4658  7.4894  7.5120  7.5365  7.5596  7.5825  7.6063  7.6297
 7.6528  7.6759  7.6983  7.7212  7.7439  7.7675  7.7905  7.8137  7.8368  7.8598
 7.8829  7.9057  7.9290  7.9526  7.9751  7.9981  8.0214  8.0442  8.0668  8.0900
 8.1133  8.1353  8.1585  8.1815  8.2044  8.2270  8.2498  8.2730  8.2957  8.3188
 8.3416  8.3648  8.3876  8.4106  8.4337  8.4565  8.4790  8.5022  8.5245  8.5470
 8.5701  8.5925  8.6147  8.6372  8.6603  8.6828  8.7059  8.7289  8.7519  8.7743
 8.7972  8.8203  8.8433  8.8661  8.8890  8.9121  8.9343  8.9568  8.9799  9.0026
 9.0255  9.0482  9.0704  9.0930  9.1155  9.1386  9.1608  9.1830  9.2055  9.2285
 9.2513  9.2734  9.2961  9.3185  9.3403  9.3632  9.3857  9.4081  9.4307  9.4530
 9.4755  9.4980  9.5205  9.5426  9.5654  9.5881  9.6103  9.6326  9.6550  9.6774
 9.7001  9.7221  9.7443  9.7671  9.7898  9.8125  9.8349  9.8572  9.8794  9.9018
 9.9251  9.9473  9.9701  9.9935 10.0170 10.0396 10.0618 10.0845 10.1073 10.1301
10.1522 10.1753 10.1975 10.2202 10.2427 10.2653 10.2881 10.3105 10.3333 10.3552
10.3778 10.4009 10.4238 10.4464 10.4696 10.4924 10.5154 10.5383 10.5611 10.5837
10.6064 10.6288 10.6514 10.6739 10.6964 10.7192 10.7416 10.7644 10.7873 10.8100
10.8328 10.8552 10.8775 10.9003 10.9229 10.9458 10.9684 10.9907 11.0134 11.0358
11.0590 11.0817 11.1046 11.1271 11.1497 11.1747 11.1968 11.2189 11.2413 11.2640
11.2871 11.3094 11.3317 11.3546 11.3773 11.3998 11.4221 11.4450 11.4680 11.4902
11.5126 11.5349 11.5577 11.5801 11.6022 11.6246 11.6468 11.6688 11.6913 11.7139
11.7368 11.7589 11.7811 11.8035 11.8259 11.8483 11.8706 11.8929 11.9157 11.9385
11.9610 11.9836 12.0059 12.0281 12.0502 12.0726 12.0954 12.1174 12.1400 12.1624
12.1846 12.2068 12.2289 12.2513 12.2732 12.2958 12.3176 12.3398 12.3619 12.3839
12.4053 12.4278 12.4503 12.4727 12.4945 12.5164 12.5385 12.5610 12.5826 12.6045
12.6264 12.6487 12.6712 12.6932 12.7148 12.7365 12.7585 12.7803 12.8026 12.8241
12.8472 12.8698 12.8921 12.9143 12.9365 12.9604 12.9833 13.0058 13.0283 13.0508
13.0729 13.0950 13.1175 13.1395 13.1620 13.1845 13.2070 13.2293 13.2515 13.2741
13.2962 13.3186 13.3406 13.3631 13.3856 13.4082 13.4306 13.4534 13.4750 13.4978
13.5199 13.5419 13.5642 13.5861 13.6084 13.6310 13.6536 13.6758 13.6978 13.7204
13.7426 13.7651 13.7877 13.8101 13.8317 13.8539 13.8763 13.8987 13.9209 13.9432
13.9652 13.9865 14.0085 14.0306 14.0523 14.0748 14.0969 14.1192 14.1410 14.1626
14.1844 14.2060 14.2277 14.2496 14.2708 14.2925 14.3139 14.3353 14.3567 14.3776
14.3981 14.4187 14.4397 14.4606 14.4807 14.5005 14.5213 14.5410 14.5605 14.5801
14.5991 14.6178 14.6366 14.6547 14.6725 14.6915 14.7081 14.7249 14.7411 14.7569
14.7723 14.7876 14.8022 14.8165 14.8305 14.8446 14.8579 14.8709 14.8833 14.8951
14.9069 14.9183 14.9288 14.9391 14.9490 14.9588 14.9678 14.9763 14.9850 14.9931
15.0009 15.0084 15.0152 15.0217 15.0281 15.0342 15.0400 15.0454 15.0503 15.0550
15.0595 15.0638 15.0680 15.0714 15.0748 15.0781 15.0812 15.0839 15.0866 15.0890
15.0915 15.0937 15.0956 15.0975 15.0993 15.1008 15.1024 15.1038 15.1049 15.1060
15.1070 15.1079 15.1087 15.1094 15.1101 15.1108 15.1114 15.1118 15.1124 15.1128
15.1132 15.1136 15.1138 15.1141 15.1144 15.1147 15.1149 15.1151 15.1153 15.1155
15.1156 15.1157 15.1159 15.1160 15.1161 15.1162 15.1163 15.1164 15.1165 15.1166
15.1167 15.1167 15.1168 15.1169 15.1170 15.1171 15.1171 15.1172 15.1172 15.1173
15.1174 15.1174 15.1175 15.1175 15.1176 15.1176 15.1177 15.1177 15.1178 15.1178
15.1178 
[ L.vdc.v2 ]
3      18       0      95                  V2: v2cr1, v2sl1, v2cf1, v2cl1
3      19       0      95                  ~~~ v2cr2, v2sl2, v2cf2, v2cl
3      20       0      95                      v2cr3, v2sl3, v2cf3, v2cl3
3      21       0      79                      v2cr4, v2sl4, v2cf4, v2cl4
0.3609 1.02718 -.0042426 45.0                  z, wbeg, wspac, wangle       
49.19e3                                        Drift velocity (m/s)
TDC Offset Values   
   1 1772.1    2 1772.1    3 1772.1    4 1772.1    5 1772.1    6 1772.1    7 1772.1    8 1772.1
   9 1772.1   10 1772.1   11 1772.1   12 1772.1   13 1772.1   14 1772.1   15 1772.1   16 1772.1
  17 1772.1   18 1772.1   19 1772.1   20 1772.1   21 1772.1   22 1772.1   23 1772.1   24 1772.1
  25 1772.1   26 1772.1   27 1772.1   28 1772.1   29 1772.1   30 1772.1   31 1772.1   32 1772.1
  33 1779.1   34 1779.1   35 1779.1   36 1779.1   37 1779.1   38 1779.1   39 1779.1   40 1779.1
  41 1779.1   42 1779.1   43 1779.1   44 1779.1   45 1779.1   46 1779.1   47 1779.1   48 1779.1
  49 1779.3   50 1779.3   51 1779.3   52 1779.3   53 1779.3   54 1779.3   55 1779.3   56 1779.3
  57 1779.3   58 1779.3   59 1779.3   60 1779.3   61 1779.3   62 1779.3   63 1779.3   64 1779.3
  65 1776.1   66 1776.1   67 1776.1   68 1776.1   69 1776.1   70 1776.1   71 1776.1   72 1776.1
  73 1776.1   74 1776.1   75 1776.1   76 1776.1   77 1776.1   78 1776.1   79 1776.1   80 1776.1
  81 1772.8   82 1772.8   83 1772.8   84 1772.8   85 1772.8   86 1772.8   87 1772.8   88 1772.8
  89 1772.8   90 1772.8   91 1772.8   92 1772.8   93 1772.8   94 1772.8   95 1772.8   96 1772.8
  97 1779.3   98 1779.3   99 1779.3  100 1779.3  101 1779.3  102 1779.3  103 1779.3  104 1779.3
 105 1779.3  106 1779.3  107 1779.3  108 1779.3  109 1779.3  110 1779.3  111 1779.3  112 1779.3
 113 1773.0  114 1773.0  115 1773.0  116 1773.0  117 1773.0  118 1773.0  119 1773.0  120 1773.0
 121 1773.0  122 1773.0  123 1773.0  124 1773.0  125 1773.0  126 1773.0  127 1773.0  128 1773.0
 129 1779.4  130 1779.4  131 1779.4  132 1779.4  133 1779.4  134 1779.4  135 1779.4  136 1779.4
 137 1779.4  138 1779.4  139 1779.4  140 1779.4  141 1779.4  142 1779.4  143 1779.4  144 1779.4
 145 1772.9  146 1772.9  147 1772.9  148 1772.9  149 1772.9  150 1772.9  151 1772.9  152 1772.9
 153 1772.9  154 1772.9  155 1772.9  156 1772.9  157 1772.9  158 1772.9  159 1772.9  160 1772.9
 161 1776.6  162 1776.6  163 1776.6  164 1776.6  165 1776.6  166 1776.6  167 1776.6  168 1776.6
 169 1776.6  170 1776.6  171 1776.6  172 1776.6  173 1776.6  174 1776.6  175 1776.6  176 1776.6
 177 1775.4  178 1775.4  179 1775.4  180 1775.4  181 1775.4  182 1775.4  183 1775.4  184 1775.4
 185 1775.4  186 1775.4  187 1775.4  188 1775.4  189 1775.4  190 1775.4  191 1775.4  192 1775.4
 193 1780.9  194 1780.9  195 1780.9  196 1780.9  197 1780.9  198 1780.9  199 1780.9  200 1780.9
 201 1780.9  202 1780.9  203 1780.9  204 1780.9  205 1780.9  206 1780.9  207 1780.9  208 1780.9
 209 1780.0  210 1780.0  211 1780.0  212 1780.0  213 1780.0  214 1780.0  215 1780.0  216 1780.0
 217 1780.0  218 1780.0  219 1780.0  220 1780.0  221 1780.0  222 1780.0  223 1780.0  224 1780.0
 225 1776.3  226 1776.3  227 1776.3  228 1776.3  229 1776.3  230 1776.3  231 1776.3  232 1776.3
 233 1776.3  234 1776.3  235 1776.3  236 1776.3  237 1776.3  238 1776.3  239 1776.3  240 1776.3
 241 1776.9  242 1776.9  243 1776.9  244 1776.9  245 1776.9  246 1776.9  247 1776.9  248 1776.9
 249 1776.9  250 1776.9  251 1776.9  252 1776.9  253 1776.9  254 1776.9  255 1776.9  256 1776.9
 257 1776.4  258 1776.4  259 1776.4  260 1776.4  261 1776.4  262 1776.4  263 1776.4  264 1776.4
 265 1776.4  266 1776.4  267 1776.4  268 1776.4  269 1776.4  270 1776.4  271 1776.4  272 1776.4
 273 1775.3  274 1775.3  275 1775.3  276 1775.3  277 1775.3  278 1775.3  279 1775.3  280 1775.3
 281 1775.3  282 1775.3  283 1775.3  284 1775.3  285 1775.3  286 1775.3  287 1775.3  288 1775.3
 289 1784.2  290 1784.2  291 1784.2  292 1784.2  293 1784.2  294 1784.2  295 1784.2  296 1784.2
 297 1784.2  298 1784.2  299 1784.2  300 1784.2  301 1784.2  302 1784.2  303 1784.2  304 1784.2
 305 1784.0  306 1784.0  307 1784.0  308 1784.0  309 1784.0  310 1784.0  311 1784.0  312 1784.0
 313 1784.0  314 1784.0  315 1784.0  316 1784.0  317 1784.0  318 1784.0  319 1784.0  320 1784.0
 321 1770.7  322 1770.7  323 1770.7  324 1770.7  325 1770.7  326 1770.7  327 1770.7  328 1770.7
 329 1770.7  330 1770.7  331 1770.7  332 1770.7  333 1770.7  334 1770.7  335 1770.7  336 1770.7
 337 1770.7  338 1770.7  339 1770.7  340 1770.7  341 1770.7  342 1770.7  343 1770.7  344 1770.7
 345 1770.7  346 1770.7  347 1770.7  348 1770.7  349 1770.7  350 1770.7  351 1770.7  352 1770.7
 353 1770.7  354 1770.7  355 1770.7  356 1770.7  357 1770.7  358 1770.7  359 1770.7  360 1770.7
 361 1770.7  362 1770.7  363 1770.7  364 1770.7  365 1770.7  366 1770.7  367 1770.7  368 1770.7
TTD Lookup Table
-2.250e-08
743
 0.0051  0.0111  0.0178  0.0253  0.0331  0.0421  0.0520  0.0623  0.0735  0.0859
 0.0989  0.1130  0.1283  0.1451  0.1639  0.1840  0.2071  0.2312  0.2574  0.2857
 0.3167  0.3500  0.3848  0.4208  0.4649  0.5041  0.5445  0.5852  0.6271  0.6688
 0.7114  0.7547  0.7976  0.8412  0.8844  0.9288  0.9729  1.0168  1.0610  1.1067
 1.1514  1.1955  1.2400  1.2844  1.3290  1.3733  1.4181  1.4630  1.5076  1.5526
 1.5970  1.6413  1.6854  1.7296  1.7746  1.8192  1.8642  1.9084  1.9526  1.9969
 2.0409  2.0850  2.1294  2.1732  2.2168  2.2604  2.3039  2.3471  2.3903  2.4327
 2.4748  2.5165  2.5576  2.5992  2.6402  2.6799  2.7196  2.7583  2.7965  2.8361
 2.8744  2.9117  2.9488  2.9847  3.0198  3.0549  3.0890  3.1226  3.1559  3.1879
 3.2197  3.2505  3.2802  3.3096  3.3392  3.3671  3.3954  3.4229  3.4495  3.4759
 3.5022  3.5281  3.5542  3.5807  3.6091  3.6354  3.6623  3.6895  3.7166  3.7434
 3.7699  3.7971  3.8236  3.8507  3.8778  3.9049  3.9315  3.9580  3.9847  4.0122
 4.0388  4.0648  4.0907  4.1169  4.1426  4.1687  4.1950  4.2210  4.2468  4.2721
 4.2974  4.3222  4.3474  4.3726  4.3975  4.4230  4.4486  4.4736  4.4987  4.5238
 4.5490  4.5736  4.5982  4.6230  4.6478  4.6719  4.6965  4.7214  4.7459  4.7704
 4.7947  4.8189  4.8429  4.8672  4.8913  4.9152  4.9394  4.9635  4.9873  5.0120
 5.0356  5.0595  5.0833  5.1069  5.1307  5.1537  5.1774  5.2010  5.2248  5.2483
 5.2718  5.2954  5.3192  5.3427  5.3662  5.3899  5.4133  5.4369  5.4602  5.4832
 5.5068  5.5302  5.5533  5.5770  5.6014  5.6252  5.6482  5.6722  5.6958  5.7189
 5.7425  5.7655  5.7892  5.8131  5.8366  5.8601  5.8835  5.9065  5.9290  5.9516
 5.9748  5.9971  6.0196  6.0422  6.0648  6.0873  6.1091  6.1312  6.1533  6.1751
 6.1978  6.2201  6.2432  6.2658  6.2878  6.3096  6.3320  6.3543  6.3765  6.3983
 6.4213  6.4435  6.4664  6.4893  6.5128  6.5360  6.5591  6.5823  6.6055  6.6292
 6.6518  6.6752  6.6987  6.7215  6.7449  6.7683  6.7919  6.8153  6.8388  6.8625
 6.8861  6.9104  6.9343  6.9580  6.9821  7.0055  7.0291  7.0532  7.0770  7.1006
 7.1243  7.1478  7.1715  7.1946  7.2179  7.2412  7.2648  7.2879  7.3116  7.3351
 7.3589  7.3823  7.4057  7.4287  7.4554  7.4785  7.5018  7.5251  7.5482  7.5719
 7.5953  7.6181  7.6419  7.6649  7.6885  7.7117  7.7354  7.7581  7.7818  7.8051
 7.8286  7.8518  7.8750  7.8976  7.9208  7.9435  7.9666  7.9894  8.0123  8.0352
 8.0586  8.0808  8.1045  8.1279  8.1507  8.1736  8.1968  8.2194  8.2423  8.2657
 8.2889  8.3116  8.3342  8.3577  8.3805  8.4033  8.4265  8.4489  8.4718  8.4948
 8.5172  8.5404  8.5633  8.5861  8.6093  8.6317  8.6549  8.6775  8.7015  8.7241
 8.7472  8.7698  8.7923  8.8150  8.8379  8.8608  8.8838  8.9059  8.9285  8.9509
 8.9736  8.9968  9.0199  9.0421  9.0651  9.0875  9.1099  9.1317  9.1545  9.1770
 9.1999  9.2219  9.2445  9.2669  9.2927  9.3146  9.3373  9.3600  9.3819  9.4047
 9.4271  9.4494  9.4725  9.4955  9.5180  9.5404  9.5633  9.5858  9.6083  9.6306
 9.6532  9.6760  9.6992  9.7217  9.7443  9.7671  9.7907  9.8132  9.8364  9.8593
 9.8822  9.9048  9.9274  9.9499  9.9732  9.9961 10.0194 10.0421 10.0651 10.0879
10.1107 10.1336 10.1565 10.1789 10.2024 10.2246 10.2475 10.2697 10.2929 10.3155
10.3383 10.3609 10.3836 10.4056 10.4285 10.4510 10.4743 10.4973 10.5209 10.5433
10.5662 10.5889 10.6114 10.6339 10.6563 10.6784 10.7021 10.7250 10.7479 10.7706
10.7936 10.8164 10.8392 10.8615 10.8842 10.9064 10.9295 10.9521 10.9745 10.9971
11.0198 11.0420 11.0650 11.0872 11.1115 11.1336 11.1557 11.1784 11.2011 11.2233
11.2457 11.2680 11.2907 11.3129 11.3358 11.3583 11.3821 11.4044 11.4266 11.4491
11.4715 11.4937 11.5164 11.5390 11.5617 11.5843 11.6064 11.6286 11.6516 11.6740
11.6969 11.7198 11.7416 11.7635 11.7865 11.8089 11.8313 11.8539 11.8769 11.8995
11.9215 11.9435 11.9663 11.9887 12.0117 12.0340 12.0567 12.0790 12.1018 12.1241
12.1461 12.1679 12.1903 12.2126 12.2351 12.2574 12.2802 12.3028 12.3254 12.3473
12.3696 12.3917 12.4144 12.4365 12.4594 12.4816 12.5034 12.5253 12.5477 12.5697
12.5926 12.6153 12.6377 12.6598 12.6824 12.7046 12.7273 12.7493 12.7715 12.7934
12.8159 12.8385 12.8611 12.8834 12.9074 12.9291 12.9517 12.9740 12.9964 13.0181
13.0404 13.0630 13.0856 13.1082 13.1306 13.1528 13.1751 13.1978 13.2205 13.2428
13.2656 13.2878 13.3103 13.3328 13.3549 13.3772 13.3996 13.4222 13.4447 13.4675
13.4897 13.5123 13.5345 13.5568 13.5792 13.6015 13.6234 13.6457 13.6685 13.6912
13.7132 13.7357 13.7584 13.7803 13.8024 13.8248 13.8465 13.8691 13.8916 13.9139
13.9366 13.9587 13.9813 14.0037 14.0261 14.0482 14.0705 14.0920 14.1148 14.1364
14.1582 14.1801 14.2022 14.2235 14.2454 14.2670 14.2886 14.3100 14.3317 14.3527
14.3732 14.3945 14.4158 14.4360 14.4564 14.4769 14.4972 14.5171 14.5371 14.5566
14.5760 14.5951 14.6135 14.6318 14.6524 14.6700 14.6877 14.7047 14.7213 14.7377
14.7535 14.7688 14.7842 14.7990 14.8141 14.8279 14.8420 14.8552 14.8681 14.8805
14.8929 14.9046 14.9164 14.9275 14.9379 14.9478 14.9576 14.9666 14.9753 14.9838
14.9918 14.9996 15.0070 15.0142 15.0211 15.0277 15.0337 15.0392 15.0446 15.0498
15.0546 15.0592 15.0635 15.0676 15.0716 15.0750 15.0783 15.0816 15.0845 15.0873
15.0899 15.0921 15.0942 15.0960 15.0979 15.0995 15.1010 15.1026 15.1039 15.1051
15.1063 15.1073 15.1081 15.1091 15.1100 15.1108 15.1113 15.1119 15.1124 15.1129
15.1133 15.1137 15.1140 15.1142 15.1145 15.1148 15.1149 15.1152 15.1153 15.1155
15.1157 15.1159 15.1160 15.1162 15.1163 15.1164 15.1165 15.1166 15.1167 15.1168
15.1169 15.1169 15.1170 15.1170 15.1171 15.1171 15.1172 15.1172 15.1173 15.1173
15.1174 15.1174 15.1174 15.1175 15.1176 15.1176 15.1177 15.1177 15.1177 
[ L.global ]
0.3327 1                     VDC Angle, Plane Spacing, TTD Converter
matrix elements
t 0 0 0 -1.0018E+00 -3.3183E-01 -4.3355E-02  0.0000E+00  0.0000E+00  0.0000E+00   0.0000E+00
y 0 0 0 -7.7329E-03  1.1061E-03  2.2321E-03  0.0000E+00  0.0000E+00  0.0000E+00   0.0000E+00
p 0 0 0 -1.4434E-03 -1.8217E-03  1.2462E-03  0.0000E+00  0.0000E+00  0.0000E+00   0.0000E+00
D 0 0 0  0.0000E+00  8.3831E-02  1.0320E-02  0.0000E+00  0.0000E+00  0.0000E+00   0.0000E+00
D 1 0 0 -5.0100E-03  2.4306E-01  1.5912E-02  0.0000E+00  0.0000E+00  0.0000E+00   0.0000E+00
D 2 0 0 -1.0088E-00  1.0400E+00  4.0717E-01  0.0000E+00  0.0000E+00  0.0000E+00   0.0000E+00
D 0 0 2 -1.2537E-01  6.4795E-01  0.0000E+00  0.0000E+00  0.0000E+00  0.0000E+00   0.0000E+00
D 0 2 0  6.8620E-02 -1.0922E-01  0.0000E+00  0.0000E+00  0.0000E+00  0.0000E+00   0.0000E+00
D 0 1 1  9.8321E-01  1.6114E+00  0.0000E+00  0.0000E+00  0.0000E+00  0.0000E+00   0.0000E+00
D 1 0 2 -1.7765E+01  0.0000E+00  0.0000E+00  0.0000E+00  0.0000E+00  0.0000E+00   0.0000E+00
D 1 1 1 -3.9851E+01  0.0000E+00  0.0000E+00  0.0000E+00  0.0000E+00  0.0000E+00   0.0000E+00
D 2 0 2 -1.0188E+03  0.0000E+00  0.0000E+00  0.0000E+00  0.0000E+00  0.0000E+00   0.0000E+00
D 2 1 1 -1.6538E+03  0.0000E+00  0.0000E+00  0.0000E+00  0.0000E+00  0.0000E+00   0.0000E+00
D 0 2 2  5.3578E+02  0.0000E+00  0.0000E+00  0.0000E+00  0.0000E+00  0.0000E+00   0.0000E+00
T 1 0 0 -2.3427E+00  6.0230E-01  1.2252E-01 -8.5444E-02  0.0000E+00  0.0000E+00   0.0000E+00
T 2 0 0 -3.9319E+00 -8.7557E-01  1.2270E+01  0.0000E+00  0.0000E+00  0.0000E+00   0.0000E+00
T 1 0 2  8.3781E+01 -1.0086E+02  0.0000E+00  0.0000E+00  0.0000E+00  0.0000E+00   0.0000E+00
T 3 0 0  4.1392E+01 -3.7070E+02  0.0000E+00  0.0000E+00  0.0000E+00  0.0000E+00   0.0000E+00
P 0 0 1 -6.5380E-01 -9.7331E-02  1.4350E-01 -1.9313E-02  0.0000E+00  0.0000E+00   0.0000E+00
P 0 0 3  6.0409E+00 -7.7950E+01  0.0000E+00  0.0000E+00  0.0000E+00  0.0000E+00   0.0000E+00
P 0 1 0 -3.5366E-01  2.9185E-01 -4.7389E-02  1.5419E-01  0.0000E+00  0.0000E+00   0.0000E+00
P 0 1 2 -6.1321E+00  1.4877E+01  0.0000E+00  0.0000E+00  0.0000E+00  0.0000E+00   0.0000E+00
P 0 2 1 -5.5248E+01 -9.8969E+00  0.0000E+00  0.0000E+00  0.0000E+00  0.0000E+00   0.0000E+00
P 0 3 0  2.6034E+01  1.6507E+01  0.0000E+00  0.0000E+00  0.0000E+00  0.0000E+00   0.0000E+00
P 1 0 1  4.4915E+00  1.8355E+00  5.4845E+00  0.0000E+00  0.0000E+00  0.0000E+00   0.0000E+00
P 1 0 3  4.7409E+01  6.5451E+01  0.0000E+00  0.0000E+00  0.0000E+00  0.0000E+00   0.0000E+00
P 1 1 0  4.2693E+00  1.4865E+00 -1.5805E+00  0.0000E+00  0.0000E+00  0.0000E+00   0.0000E+00
P 1 1 2 -1.3311E+03  0.0000E+00  0.0000E+00  0.0000E+00  0.0000E+00  0.0000E+00   0.0000E+00
P 1 2 1 -9.4341E+02  0.0000E+00  0.0000E+00  0.0000E+00  0.0000E+00  0.0000E+00   0.0000E+00
P 1 3 0  1.0310E+03  0.0000E+00  0.0000E+00  0.0000E+00  0.0000E+00  0.0000E+00   0.0000E+00
P 2 0 1  3.6884E+00 -1.5865E+02  0.0000E+00  0.0000E+00  0.0000E+00  0.0000E+00   0.0000E+00
P 2 1 0 -8.1345E+01  6.8379E+01  0.0000E+00  0.0000E+00  0.0000E+00  0.0000E+00   0.0000E+00
P 3 0 1 -8.9098E+02  0.0000E+00  0.0000E+00  0.0000E+00  0.0000E+00  0.0000E+00   0.0000E+00
P 3 1 0 -2.5745E+03  0.0000E+00  0.0000E+00  0.0000E+00  0.0000E+00  0.0000E+00   0.0000E+00
Y 0 0 1  7.0170E-01 -1.2796E+00 -6.4398E-01  1.0002E-01  0.0000E+00  0.0000E+00   0.0000E+00
Y 0 0 3  5.6480E-01  1.1906E+02  0.0000E+00  0.0000E+00  0.0000E+00  0.0000E+00   0.0000E+00
Y 0 1 0 -1.1770E+00 -7.5825E-01  1.9346E-01  3.4334E-02  0.0000E+00  0.0000E+00   0.0000E+00
Y 0 1 2  7.0529E+01 -8.9430E+01  0.0000E+00  0.0000E+00  0.0000E+00  0.0000E+00   0.0000E+00
Y 0 2 1 -1.2283E+01  9.8926E+01  0.0000E+00  0.0000E+00  0.0000E+00  0.0000E+00   0.0000E+00
Y 0 3 0  6.4768E+01  3.1901E+01  0.0000E+00  0.0000E+00  0.0000E+00  0.0000E+00   0.0000E+00
Y 1 0 1 -2.7511E+00 -5.7340E+00 -3.7552E+00  0.0000E+00  0.0000E+00  0.0000E+00   0.0000E+00
Y 1 0 3  2.9669E+02  0.0000E+00  0.0000E+00  0.0000E+00  0.0000E+00  0.0000E+00   0.0000E+00
Y 1 1 0 -1.4330E+01 -1.9317E+00  8.5666E-01  0.0000E+00  0.0000E+00  0.0000E+00   0.0000E+00
Y 1 1 2  3.8309E+03  0.0000E+00  0.0000E+00  0.0000E+00  0.0000E+00  0.0000E+00   0.0000E+00
Y 1 2 1 -1.1961E+03  0.0000E+00  0.0000E+00  0.0000E+00  0.0000E+00  0.0000E+00   0.0000E+00
Y 1 3 0  1.0933E+03  0.0000E+00  0.0000E+00  0.0000E+00  0.0000E+00  0.0000E+00   0.0000E+00
Y 2 0 1  4.4602E+02  1.6432E+02  0.0000E+00  0.0000E+00  0.0000E+00  0.0000E+00   0.0000E+00
Y 2 1 0  3.2579E+02 -1.2017E+02  0.0000E+00  0.0000E+00  0.0000E+00  0.0000E+00   0.0000E+00
Y 3 0 1  7.2239E+03  0.0000E+00  0.0000E+00  0.0000E+00  0.0000E+00  0.0000E+00   0.0000E+00
Y 3 1 0  4.5109E+03  0.0000E+00  0.0000E+00  0.0000E+00  0.0000E+00  0.0000E+00   0.0000E+00
